371.2055508213676 290.0328424857331
848.6503022080446 492.7829002492654
920.915186649209 695.4724727600113
678.4743693784361 698.4050913014399
824.9835181943128 912.7314858684103
875.2473597068077 787.5602781174915
1023.5852166987428 418.1569823059712
214.22786011838556 1259.3503603246188
803.0194467697718 967.4282472899145
780.5778726724666 575.0342614059882
416.66575759503905 651.8695098784852
419.69527301577995 813.3931883553984
966.7499353035148 559.6929373987692
677.5565390879777 699.514098152174
1084.7981251103552 315.4984388560803
795.0727366563311 987.2469784477038
408.12504582664064 196.50718618865193
1047.29269522049 402.4573964045004
1103.291055467036 185.10255588049947
1026.8604067606582 449.8310836282726
1092.3228516804836 298.0518349830749
1044.7611019353935 365.42302782683527
391.4079532169106 1045.2650995714118
922.1641749146231 692.5766062716241
932.9342566027943 667.6054199910004
1101.5026621153681 276.7678036240485
98.21372469925215 1297.1744570524531
73.1591539136699 1429.8025269523916
615.5541944839201 774.4310252162584
215.775505664232 1257.4803528399077
412.97288254086817 454.97770374289615
1128.8063908328907 156.126444029924
1041.5297630667362 259.72822153369873
411.0976616344923 354.9971666969502
1033.2186827538453 394.16692216214216
414.39196202152857 530.6382982386694
362.94315937680597 1079.6588777040174
407.70717691413336 174.22780665249476
856.7216775237096 833.6944760516392
1033.5112006822073 393.4384696348363
1020.5040793225029 464.5686725449051
907.6286448130971 706.9217028849661
385.5154020809258 237.2398819546942
971.0871387125641 344.84346974963216
1096.8621733021266 235.6765971552047
1017.3864414505116 471.79713360128886
1060.1431226449338 372.66278330014
289.6055108511423 591.0777388540198
958.6363860078112 608.0132386349131
597.8490225097728 795.8240400435955
1092.794257747889 197.78575091374515
394.330814154005 204.71741241972558
931.911569872637 392.1789899177318
410.5900057418901 327.9306442385397
1083.4344221903718 318.66027927960636
261.3153309575485 1202.4549535296492
880.1747075261036 789.9321178026544
1023.308205199413 418.8468194312015
412.90031330297813 451.1085535256652
111.09186833539495 1249.6634580655268
89.17897309456741 1330.5061301930295
847.9573022958292 493.6202463885187
537.6096997075845 868.6107222502234
413.98646978308096 509.0188017675542
930.6121993807249 672.9892717690466
527.1560813445474 881.2417440198125
228.40713798456872 1242.2176545776701
1124.437749626845 159.55117787804204
363.8561957259558 1078.5556633334493
789.2474518940627 564.5588795737644
311.1190181792347 511.7085181224231
296.9682079917999 563.9147325796465
957.9027891437607 581.7248381974781
324.44699241049693 462.5379708688481
1035.6906484029957 429.35755191904605
837.6189100461772 881.2657798874853
983.9449635703836 516.8724447601375
944.6697457975464 640.3958690088331
214.0535564647477 869.8095910317006
979.3775606545579 528.2465722055464
929.5241491025125 395.0636909536177
883.4897609650942 450.6866665129167
149.49321756717637 1107.9903632471628
471.63852126205063 948.32315886044
991.8011081742887 531.1185149789344
416.8402307785087 661.1718392862405
807.8389919762549 955.4262140956216
928.5280214516708 677.8215837992824
941.3473348335547 380.77783210853727
413.99594218637066 509.52383878201846
397.41679103151307 193.33239851993676
287.47782794990655 598.9273438142725
67.69255534330627 1436.4077733991166
220.72428210270184 845.1994571504925
416.6069694210944 648.7351201204862
410.9538632477478 1021.6479359700606
98.59201343263535 1399.0722103203211
1093.2811497708533 295.82995395934364
982.2462048050422 553.2722254924645
895.277249059939 737.6801781091099
416.66575759503905 651.8695098784852