588.146359302071 1036.9059086484242
763.9084525078957 1098.5899123190588
616.2864391231275 1046.7817172218993
611.9572205408684 1045.2623706435313
604.1356676636781 1042.517383441873
363.6819185854003 958.1297338057637
711.7603421711165 1080.288444859499
780.1336643624848 1104.2841778420761
498.3472672084707 1005.3907655064119
651.3629954690066 158.73280054110552
829.7010846807627 1125.8423898893095
583.8989408285872 1035.4152699564836
536.7246748979724 703.9549814486825
989.7421497444566 814.0220710404767
345.8865953984674 951.8844350569746
1106.6854116306768 688.3125923594483
226.56712249470726 75.83122189905431
599.3634157997201 1040.8425535845108
-74.1998232811475 1735.6067241174085
580.1037291927514 1034.0833340185018
488.2078242064681 1001.8323108479248
671.9516473279881 1066.3175161226004
587.6415090127294 1036.7287305861194
361.20343362366407 957.2599053194909
1039.7351795701074 562.5924117100573
385.9200214295703 965.9342335841167
375.6731283976094 1795.0570349924144
517.9260624885646 1012.2619768005881
727.9372870482284 1085.9657710051933
10.694804895160765 747.9313952486386
349.4654246917073 953.1404312461088
774.622804070871 1102.3501321086871
441.3488740903984 985.3870831071689
792.6768792099668 1425.2341480311866
-267.8102404986058 1555.4502051095194
571.2110817099951 1030.9624443547355
760.1330081081655 1097.2649137259975
686.3993871641867 1071.3879748366123
358.0843276652063 956.1652498116886
-47.95095340078705 1182.947660743947
790.463652663325 1107.909504695236
492.6312149788323 1003.3847073155728
619.5671522026163 1047.9330890219637
-261.71744563781834 1313.4029915374263
451.4832152523258 988.9437472662589
422.19236168250586 978.6640727007031
748.5691516925194 1093.2065587725544
431.6466934127479 981.9820864004414
1147.6196243374097 1674.0467154652288
420.65411202605065 978.1242213839346
290.87111425804187 932.5766589676575
346.712178697881 952.1741749112433
638.740548316531 1054.6620247935937
317.51573329344444 941.9276330508903
339.510638470252 949.646782196848
690.8761087112107 1072.959087829763
460.7126649822525 1178.24579282335
159.3640050230503 621.391693837557
405.1140698894291 972.6704173314608
572.3485508036346 1031.3616410556142
428.86439211336466 1055.065420039578
277.9780432052017 928.0518138907511
785.037490365763 1106.0051838660097
721.9252286974577 1083.8558289658554
398.5808252073345 970.3775640682743
276.89787211215975 927.6727260200229
271.4001965910277 925.7433075041183
766.7210579468227 1099.5770009515072
627.7509491004195 1050.8052063748942
738.256240031897 1089.5872249951408
828.9919246768372 1103.4582517301476
259.27953128631833 921.4895395299812
502.0749039419506 1006.6989859182016
514.5546802190252 1011.0787844950331
517.9860335946709 1012.2830237616347
281.7484284611837 929.3750369687633
285.6924306062724 930.7591911874422
741.9628920641693 1090.888080790575
443.5449400501288 986.1577961673642
1552.6803732385795 483.8608666727668
481.87823623130674 999.6109312502417
1186.1529352487457 1305.6765452605507
475.50201118578184 997.3731842938922
542.1602074298397 1020.7669909264824
373.0001686143874 961.3999894024516
760.3937200936952 1097.3564110379552
269.76090628963846 925.1679958022389
466.30832553550465 994.146644776442
533.7881833170118 1017.8288149143115
289.0056656335205 931.9219766200389
1243.3306274369904 1200.569871835883
779.5979899626927 1104.096182006112
587.6430662852247 1828.15414981736
344.25090079757535 951.3103852722618
-415.9627102764527 1470.6582604461164
625.4282712096431 1049.9900586435083
470.31749347111037 995.5536690394412
1573.916456533407 708.7657631695372
705.6722856210442 1078.1518311236694
655.1515860414547 1060.4215062198741
339.5505450024022 949.6607874617531
282.48866634829204 929.6348247063391
544.1545460395638 1021.4669074322483
720.8142870172247 1083.4659421055464
554.4230241685588 1025.070647186639
408.17640612512577 973.7451494091122
357.50337059505 1145.9042886819925
1201.989686233129 1137.1409025823457
199.30814602481985 1506.1399435625144
1296.0461810671186 969.347675012914
-220.4753539182251 1453.5287396354358
599.3634157997201 1040.8425535845108