987.2497805136028 1675.9653328138745
1261.2923709916952 2077.8713718177096
-50.134925192767085 842.456006121197
2236.209656519655 444.6513317823397
2253.4867429547694 372.8337889089962
372.3389678300893 -73.47876192005444
610.840814844457 -1263.1982115680996
1845.6296582296889 1347.6834959847397
-1422.5906906665173 611.9711554365674
2212.373340030018 -1323.9159127790554
-1155.4887930945367 -161.2134378978647
4150.410786160229 3636.2281805503258
-438.59897866211554 -456.135008336712
2073.3826093808043 271.8240702549161
1468.420374821055 2317.5456932382617
194.83838232665164 296.9801182469364
1470.934325933016 1705.4912155402444
1335.6429468306942 1395.8242531863314
1359.7744316490107 2019.7080744340367
2366.391871723125 997.6722736410942
2061.915431674733 2182.154677145607
2098.902127678827 -282.83678177391727
657.7940944214191 1698.767687836321
1296.1951789312407 -1304.847123181518
1118.2743428841045 1566.7675451468651
367.72955988059704 1401.9627914823977
1485.91369347712 3848.219253869542
1599.8135073361077 1254.4476890213302
2168.6477162218275 1494.1042070435326
259.33549968159593 3918.000649930859
2419.6280285 376.5719417627863
1423.2236765454047 1966.9469553817985
-59.91537134998705 750.7778285381258
-234.07132242606377 1893.7698454244553
1359.3881953710559 653.9546450681137
665.4958501894563 339.2030196983828
723.1694074772121 1790.3922887008948
641.6810819775434 1412.4943365301265
441.4265587810601 39.07877086648834
-1011.6044904282044 1253.524575591823
1886.4797668643182 -53.94965288980352
-257.3667517032623 3747.9479683489294
2436.77968670878 937.8997486758186
410.3102704487978 410.12836543644073
2919.65207051802 1595.0480725763377
1073.2772900946522 1430.135537367431
2166.445110843059 1914.8641112692742
298.4702482655567 1298.867570143288
612.2060123872562 2590.3927573748497
128.35895809694298 900.3141821128484
2151.2113673738436 2870.3065715383036
437.65459280825115 -392.7331840360059
1639.183852770951 -862.6460271765613
1552.5719087227535 835.7749904000359
1367.1737286376488 862.1795148369587
-145.47323520393041 -2001.8567245033726
-150.5433861945801 431.64842588164197
743.9109635331016 1983.8938059435613
1784.2612708892912 -1121.1428876130278
-1269.2097714146526 3607.641874713004
119.75950754226217 -640.906641845141
1864.285578576079 1562.7299108939444
225.85062693435776 1542.2083074668633
1782.6748380498616 747.6528539490738
838.1114251482476 882.7289784447349
169.3031293378776 1026.6305141989087
2137.8003671832707 1696.8031834477592
-683.2954249883456 2137.702658924204
2020.7492509258736 2317.4802340451574
1713.7721771434817 469.0404717837771
472.7628661424955 1226.037809248324
999.3325701914009 1055.0523094282403
579.4316641464475 2604.5036688380374
2946.445889056941 3657.341929762859
3726.5151380650937 3446.227593672514
2887.5993482294134 3646.4137325171096
77.61846925177379 -185.37141249190879
1613.8277876579464 656.4490674044574
542.393469914152 525.5823251528157
726.7272665001301 1792.4521429121282
780.1784477203937 961.434451213439
1614.0677057545834 1343.9984909155162
1591.9582058211147 1430.951225969767
1763.7857711204597 2355.8677386333948
-946.9567605433426 -992.9631773978284
590.1428834554027 594.4863392120161
-672.1810505140885 3336.7257191419308
150.04892075173768 543.6353571963003
501.434316429062 204.71760909755042
2162.4688897934434 -562.1858984108675
453.3972119066683 -142.94885654893432
2517.7185843071684 2166.738765870436
1702.1520573324487 2280.400050497599
-1016.1257502815657 -1571.409431120933
785.256139592859 1141.0740992056178
1663.9046266455846 600.1010842356276
1512.5136336562277 1781.2629614293949
2637.9369170238638 871.0522916970219
1952.9879878817198 2137.425099146618
1570.1623233593168 1885.4338540686026
2596.163619290824 1533.5668641688853
1899.4141884478206 421.65891145659464
-35.50816578093869 562.4049842099159
428.7142175244669 2699.3073396375553
1096.4861097670912 86.8862454441162
1060.7516282024756 -54.83763428820748
1217.617729232823 1077.8419177394396
1839.6381007789928 1691.010536556522
944.3690267033827 1979.9993729217827
3497.773321343645 -386.0020761613917
1627.5919383693258 2016.78662027345
1159.6427976266148 -57.734182767164604
3256.4446348425568 -491.41812750889324
-591.0160565908991 -834.1155703817078
1598.8261047972887 1250.94801525272
1736.1583155301892 -95.7281661509089
1954.6983399672536 607.1759585459444
2329.57553916655 1303.8084400352393
-635.2787880981991 -1738.1368026176142
-209.2025254889332 300.12027286329396
-777.6220474041677 2203.8176804066175
1544.933942228674 2331.223698715916
4081.0345819126424 1762.3836322162663
1991.548330763608 2377.57267367009
671.4672500012188 4252.725803058711
-24.30152913413897 2949.4727956219226
4069.4651383335236 3484.784432514137
2323.903519737036 -164.5719320538247
855.1329689109598 1315.2926868267123
74.44027191453252 1253.2275517833236
462.9521055720142 1919.3793252251828
622.6730685245219 804.9563772098442
471.61261323343524 781.2708691047599
1817.3530695842194 124.06935212987113
1738.9938612013448 2582.084418087995
979.7598859663042 77.90660177562128
1875.138798155875 832.8883588205246
387.0706307996104 1802.691951897584
1849.678610494457 -452.97037264120445
331.52047464966597 -970.0219145996748
2677.7570959904183 2240.5382602822215
259.33549968159593 3918.000649930859