1104.184491259763 113.3195589198008
581.8820386916595 1286.797244728506
0.8271712875454924 1548.1864037692242
632.8273800800256 24.063250073583887
1329.1940509167214 -713.5458657311199
621.7326873055281 -0.13823571838141718
779.3009068566503 394.3320599336882
561.9003987940524 921.0612708443706
672.1657589543457 -217.15437597098082
432.5163896981093 1052.6830089224266
802.9466682127545 -27.265100869336685
968.1158558267884 404.8847594835899
702.9649781129897 -125.8422930276704
929.5134269079648 765.2828352252745
535.301716339451 414.5401762092669
564.9692398490363 360.8967715954133
779.3009068566503 394.3320599336882