165.26567468295246 -249.34175794997012
903.8989749073911 1148.0380959019794
677.1761644246054 1190.041463904407
799.6955135077521 1170.9317653312776
861.5555370647443 898.3199268743789
423.45233116848425 1375.8443581688414
666.9980272860516 928.1091987516587
592.6476100625387 1492.50501727459
496.32308034740583 618.6444117028814
75.70249955755126 478.52454896786014
1249.3724140988904 654.3127295699844
689.8899946018138 1606.022473800076
818.1561506799688 646.5820310009102
1137.2469876649518 446.59681364001426
1157.9755134586862 1449.2568997373435
366.4123432683401 1446.6203011805756
481.628417711625 261.21507180899846
25.21408467381131 1065.2835705170223
655.9951325477952 -327.9996862393738
1796.5740180620576 -123.27470960251445
279.9260396779169 813.910031364569
640.9134831724003 844.9079089128206
680.2173668165425 1577.0745731191325
-371.4254992882753 678.6013020222267
760.4680116709271 433.70474615003735
602.1937824258802 1055.4912310181821
898.163498603938 127.38990994310315
492.72230636169814 381.14504585989835
958.9115906331151 1096.7049839972296
1319.1149392003706 314.9884801038171
1390.000237023469 1262.2215420101518
225.1276529390481 1130.801450756201
1562.5730240236742 -163.7561356184903
56.77215833706147 459.1563961441603
151.2145283301686 1301.3998028023834
953.8407068093534 902.5968413397785
104.80633564980793 187.2443070034874
509.8383493370119 193.77992353106538
588.4152769379125 1609.8488233904645
354.45776504824715 574.269439409385
716.5491970809987 428.82397081836916
966.4136104417025 411.6704808249906
1315.587229522157 1313.4769973327657
30.942479012444988 -283.66466292439594
1096.9023465042173 752.9236999541283
270.8905645525049 1586.6447227361382
-280.79981198082504 522.7039047986282
405.68515696419104 1208.794993459134
26.502116467306237 690.7797090479893
1409.667365422729 778.922199147488
1301.5810494452503 1686.1408673042185
798.0599370913249 939.1739542758343
986.9777677979105 1045.7158841869834
214.0429628095412 920.0211307444064
395.4380929002115 99.01625232518589
990.305083390085 1297.7018990568918
-163.12007621280748 805.4449326143352
1958.8368559252397 1535.5295446269677
515.0753295812935 398.32651036157745
834.5047003536406 -5.320355540733402
1027.8137857689892 36.804869691830795
938.2207481575296 1017.2362889762999
1013.0691379815593 -240.605664036573
369.89177307805244 898.2218665434316
880.455235739064 1101.8392601751177
646.1257170500215 1958.1022100740008
741.7514864519272 1360.2113693798897
1084.916799993162 826.5302822233916
565.2152485457009 -695.0475305283991
-211.55377216071878 -336.6830639685625
1293.0739225274222 827.2791444465063
415.9342293485379 1163.4936104618682
800.9906396369548 49.954519111886135
598.046415614368 1698.9822801319842
1479.1439732184908 1570.4967748639833
1064.1202234180482 608.6338465909326
1120.660584341892 1494.2212606627938
110.92547763084293 730.2871104514464
-19.74833227034752 781.534062356697
1169.5525311881092 954.8150081942911
487.3348352539036 361.5955684818692
-551.0737649705276 519.1886802967716
646.1317735852039 1320.995992180487
841.3138948623375 562.6841080571812
-2.885408025639579 1032.7710812127648
596.1339046073199 -325.2588660328882
283.62256934059565 -172.26064698125643
647.247595109961 -503.51138933455434
-516.4503821807874 -391.6673784428557
15.904587902237129 590.5903270477286
23.184968008739453 825.7781512481968
842.6930764031023 335.6162038599036
1275.9943185192458 327.2298760303972
1893.1153430943164 1203.5186022433659
1138.2416788048458 201.49289538081047
717.7432438597288 860.2716952936856
796.2394638004088 18.03342647800505
887.5881370104643 564.390727237283
584.9408600790483 249.5432011863893
2219.246333509845 395.6590105581566
1181.11755828413 641.0448717831107
1663.10732016074 1383.679390530181
382.6526669580012 548.9566646050712
777.7231535042148 933.4136424079584
591.4171672430332 198.2697930327417
2220.3076514538407 -268.448642908396
85.84182945831274 1819.9092095012518
520.5837806822775 504.06256462093955
-203.23484089939944 896.6322451411826
14.252020595677795 886.9167022118686
29.72084282759853 106.21278197817765
1593.4031051075058 1395.5094051760773
1111.3426383432595 352.1522649492831
1549.4478492360493 -598.8272747068097
332.8833715166807 688.5715963780573
418.69560936040244 1127.8720699015855
1471.8129174953567 1963.9689545305885
804.6665384897694 1516.1964478170134
738.0298918180946 832.2610282103752
603.0276206181495 1227.297691509247
1217.6843754325641 444.06429487509075
725.822833971203 110.38923625781696
63.978118842041226 17.361987965651682
495.6039296714823 -429.32116808121435
1123.972451593002 1268.8860755252235
361.2394914570168 1247.0710896657329
810.5685031049829 994.3645935837578
565.2270177316673 10.401114350076263
704.0287545624725 -127.61783633948146
1181.2111155967752 1083.5029649877733
1692.1371042611986 568.845564765504
947.1991349915216 493.45478994242706
954.1001214183382 -36.54369420306553
790.9500567152531 233.12777069177943
632.3590471863646 1104.0018473886828
365.249907388177 446.89621063123127
1577.2359758300368 112.12274205800189
889.4358435945844 619.1436062392486
-602.6979298751351 762.5530826889582
246.70540779630264 1660.1605646081634
246.04649540274116 1707.7548413612467
1125.4857695377666 782.0886779028963
202.7194103887525 897.1570638340279
1846.446367659165 549.8748403903187
376.71407473556576 533.9102411272017
511.6863699322692 484.0450298959202
420.051504304883 320.4689836790822
1278.177491443534 -464.6635758316148
1262.01118441124 574.5300029012886
1015.9338033695927 453.75777966841787
477.76668444405436 701.2223512815508
-6.47937828516757 310.8032153694725
731.6424250939012 699.122068714447
973.3727146864335 741.8515714179376
796.4715595491816 752.8595905652006
1344.4548872052374 892.2702931115691
1128.0798246124862 1123.0865633359592
269.2514652374541 145.2474558847067
255.95837279612186 755.5192932576425
597.2909475299393 980.2952753642022
679.3858511078037 421.0705677012452
-381.555351034979 334.4821732618859
1496.17203501082 843.5676409163365
1843.0573218099094 605.6850593594752
-381.555351034979 334.4821732618859