868.7310881712855 134.58495719577462
742.3835302329065 395.6909548826965
804.4591458671309 238.2872738940835
775.4009108474015 308.2750648515153
864.8947329298574 139.51442743135206
599.3128763730681 636.0872446274786
713.6618153413801 389.95695193118746
649.0312638275649 519.342899824831
626.978599170593 654.261089775104
869.2890506045005 47.470297509331125
868.6991326257653 98.35529575580688
879.7523989450442 136.41874761730895
816.8346965261802 201.57567738032353
742.8653604156061 270.21217035934086
882.7522584243364 60.11386216515614
828.276100822459 150.051513305322
586.8458337341448 646.3523113871315
847.9478284035422 132.51707023257418
742.3835302329065 395.6909548826965