1003.044350167707 1255.1031216675444
421.2041611436164 81.14563693475222
1283.0927751654974 1860.643011702053
855.179153518041 1499.9282993589547
660.8664704789077 401.44297803756564
1689.3256952545455 865.6845305475657
798.5334443285981 734.6669047781799
1809.0069550648852 1192.143655947137
1212.7997440426477 1354.662657830521
893.2006562628663 811.7193973772738
520.0450806325138 322.7692578025897
267.76961670090805 943.3411396162454
38.92700861943258 1622.731951390796
612.5743772517083 636.4396519578336
1753.9788340981956 28.93051984068196
1095.8333752139085 1058.3915594191599
277.9847986298028 2196.3886312982586
507.0089327637598 2158.8298164417424
1212.7997440426477 1354.662657830521