918.3030317163073 1301.615869162099
1239.2643020388284 1118.7396614811514
1156.7454678958761 1354.282786768574
1163.6028819236776 1095.2403878082287
1304.3747471547106 138.50512227835316
1031.3000442137811 1239.2615868187854
417.0104937039514 744.1939674828079
1193.5270507586895 1259.1847678637232
359.8120134756241 809.3571050331847
336.62642912058925 798.357269859705
1087.5613041756417 1198.7387716546336
1108.371049073375 270.1215535365082
1067.685583345574 78.28732819453114
1135.8389615459294 9.441195805083323
1014.6099376550828 1213.6623865182391
447.9820230493878 620.38756578704
1092.7660075318774 99.80460439352194
513.6727480735523 800.3668059017594
1264.2708034106067 1218.016841313742
1025.1849449387014 1231.5943937615066
1133.382800037812 210.89465594323255
561.6920441008473 800.2515824549923
1324.0455063700808 1300.1988465300903
472.1353304680231 788.084229881337
1074.1019056942791 1322.3685743534468
1079.5125053714812 16.250691761228428
395.07525994587456 606.8343003962459
594.1978111879613 732.0733091195158
359.9384031151797 693.0724836028309
1138.1240405982778 1186.8180809723688
312.51765769505727 806.6730041606296
572.7695872109277 597.246007424027
491.3548217061653 735.1894692583465
481.07197301455693 566.05430205602
1193.6434342519233 173.19208674724456
327.8885123504773 687.318728321706
1265.294311558629 154.02894934381774
598.795455487555 738.1244449940735
471.395073799359 804.1404536158373
1161.2476822157405 78.95149575577122
496.270664186119 770.5732982089689
1173.5919396306542 152.67149143855656
518.217732637652 726.8663224125584
465.3635495464591 675.3527358558852
396.9593548154272 685.5279963924802
1165.6443323382052 41.67481913896845
1225.893540017057 255.03351095326326
1067.743826944147 1344.9023488862533
1080.5525441104337 108.06178632233649
372.86023985636564 657.2198099896522
1103.5064639091775 46.553517006491894
1172.035256421172 1283.5953719663398
1077.8290088027672 1330.3374414580155
1186.6134825845058 155.09056920743168
1185.7167423099484 94.24449752965388
440.6063713423377 771.8405619925317
595.0614870978985 599.7091592177457
1278.3432054585433 1161.7833314067525
466.51747774137544 734.3499097577217
1288.9177904688909 85.05257058851643
1079.6745003098088 186.07261849917947
378.2916214310106 658.4310652237582
1056.1703192400641 1074.2203290173277
1127.7216499484075 199.312742977508
1280.0635717258758 1158.785436813773
447.09403267777503 688.0048067508537
1210.663177694185 257.8014767635811
575.0663384750458 622.9528194281653
1312.4478966677536 59.872958343115606
1233.1554149461545 1123.167313461696
420.5307810727786 792.9926798255553
1031.4841874590713 0.34597208428852344
1018.4165730688621 236.21979522600142
989.3597047494724 1034.2508212080631
1195.419194058517 1387.9105740371124
1047.1888613716915 -16.64254966758633
1160.8609886939778 -75.80637981287508
1154.8203991670373 1339.706996297178
1074.797915953577 1222.6751743237394
1205.9002305943582 1219.0703961052518
512.7932562030021 682.7431610038059
1184.5457575753992 939.8153196673276
505.22534712450374 699.7925560281013
492.3355545368308 702.1818194857962
1082.7165113041103 209.40011933088078
525.8546490731384 797.5756106609236
1156.9550051559108 1174.242022286649
1209.1980936456198 1231.226935951617
1150.199748235808 173.33737695473567
1117.5543006012076 1052.7975953926543
491.88059528628827 592.0797296913478
1095.2219056092845 59.59995617456545
1323.9942809364973 -59.03380303466926
1151.0955737692611 1194.673619254666
915.3651006035942 31.600191185640874
447.66981700907405 689.8370350536497
1008.7303075303535 1101.034256471558
1102.2723190557876 1085.5983156924299
1200.427817832638 1239.2005192122554
438.15658982536155 785.8148087898765
1294.3952930817873 57.00457383119003
380.11106943918844 788.7295535681607
1124.268542860618 46.32610137847779
508.7341352198847 665.3376827527669
1008.5506258191734 1211.9555355620641
1072.0857713643745 134.4192057064355
1239.729601718631 1186.7563116540155
1058.0669055069598 -61.80059610666427
1150.7722326159947 -5.256805041493273
1098.5023313763195 -34.91511468628254
1177.05159443064 1107.7935440408592
1093.1596925673798 29.878686248522285
585.6433593899544 797.7877829714059
463.00093229580773 744.914809796791
1015.1832425594858 1078.3626544216345
1158.557389450623 59.68786488362381
344.66834226047297 642.8296833029403
1307.3601580341424 1161.7605067434831
1072.368225374669 1194.56114217699
1035.2187495995822 1184.4760660390505
523.5417875709629 767.4910624170269
395.04933495749987 753.8305951198339
1138.431715072736 1226.50196135136
575.3045559323274 686.183961970023
1181.4409437630798 -55.22514381800345
1207.993739235638 258.2691770987202
1203.4533915097272 44.362352774868725
1069.7045825498576 1187.0206743940344
1111.860905364941 -157.86050750942496
966.5095920374001 1141.2923661821585
1049.6980113366467 1108.1426240049316
1144.6899053142934 59.67090267132222
465.46808835494636 713.6336831466374
347.36739934187005 738.587842814448
1252.7719682727034 98.28427487226176
1106.21543500284 5.04337673353937
1177.0363708356833 112.12810146851974
569.7061601695094 800.8821241455672
1217.9534958811864 1277.3056442885922
1217.2463633320197 122.65476829408614
486.71728908355794 721.2603151542748
458.6779968830554 562.8388183664291
1110.6619908974737 1319.9111367944456
407.35195965526606 590.3221047546261
1270.491775704845 -3.7582994519370416
653.5944174972377 623.2482331956888
1185.812376157113 1217.3198967236021
598.2318829470729 625.7636896330778
1139.685359282554 204.25701963490735
1191.812517433163 120.4302146062444
1187.2451059474179 128.83508376111405
1186.280015491901 -6.635582305048908
1089.6911126352143 1230.8477860269224
1142.7228870578215 204.5798850078028
1187.7807910761499 36.469452985558135
1180.5727790208553 1158.5183807286185
1138.0000868857223 -137.85511628955302
401.5267206864959 859.7597366230162
427.6081189245201 611.9743201246224
1026.9288631364343 87.58015936443057
1098.4408430885992 1276.6107679089414
497.75104249167157 739.5501736595197
1022.472008355041 8.646401237869565
575.2466397311935 687.677851725411
1208.6594704174254 1241.954563899744
1166.2809386295564 1277.3399783769407
532.0302280307602 717.2831713145762
1105.1646339433341 1099.2026377892475
508.1645894944887 587.4093595795312
396.3374118557748 767.1916685836622
335.0411985689906 624.4040126129831
1060.625876302819 137.88423865429175
565.1880492703275 607.4168815634521
1117.0201101165258 1232.8477597809433
377.3921641602323 856.678311518613
1138.4188261420431 1053.49472794086
987.9531828220104 1070.7977983247279
584.9634337988114 487.96346687335557
1059.2406182481373 1222.1828471468916
437.9426487664118 681.2330741745849
491.761002506817 549.5936431712433
1021.2778709743737 1279.1046580336936
1193.52837621439 151.2197504790114
1234.0549697536956 1040.717474738259
1023.833423571332 124.85980261818001
591.8288973801813 686.3711535309691
1068.4479635432483 1225.6039648340761
1238.4128886160706 1313.290675416158
1034.7061236335535 1119.3759426814952
1131.302811353595 -35.14627699218418
528.4969050751268 672.3600950933613
378.30566422944867 753.9421085217978
422.9401116998172 748.8281682942821
601.2231647575998 557.337947922145
594.7753177949293 697.7903884756873
1210.663177694185 257.8014767635811