843.7312210561688 762.8728472879748
853.0131850280495 534.7064632981106
886.2218251167741 744.3936790281933
724.6612648908132 834.2620683101884
911.1024660052146 669.3275387596101
1024.4475001537432 941.3907014512291
777.3715496145369 620.3649454274728
838.8315898280006 505.62708195301656
1083.3877754215891 1045.9119676723794
961.0016593702385 565.5346119406325
1111.676562233994 1044.2693552482779
865.5869970762155 547.0284270851729
835.4491076270338 659.4513281393815
892.5466823931317 646.3550258327301
957.3004772217331 966.849546191527
701.0133232991847 768.1200443788916
889.8065551101995 657.0556667341876
873.2362084739923 852.545319071436
1102.8944698334055 1001.9485319322421
831.7993023921133 636.7144987203104
860.4017239076883 791.7475510149876
808.7146854220495 853.0969070709712
767.300338364704 707.472268196201
868.7664442688455 576.0305173510278
1031.2879866932994 938.3025777480573
855.2155663148053 576.7697494965253
926.7072472145878 515.9551500534709
906.4047507212985 514.7131544912002
865.2261234690307 707.0678860056768
1012.4987583116703 1017.2230584277713
1008.37030341417 1026.9222468748128
1065.2536439521482 897.0695652519626
1060.702247677319 875.0889776851611
827.2791702098868 815.7309490991723
788.973707237052 533.7074564054999
802.3282501229595 755.6718969219753
1105.6233989416166 984.0380243763176
848.8361540679624 580.6984562937927
782.7346804144745 657.3871780727312
984.234151081404 884.8575113719091
845.9965602230599 638.0728587074933
996.3971153747216 899.3557322480907
1063.665280398507 1063.7702305649727
831.230923667876 835.1490498684033
768.616386533905 737.9502833715319
876.4553123384759 591.9971815933369
867.5202279477162 832.4360388496716
808.5566068454318 544.0466134415761
757.7255683828565 853.2708013009623
793.5124717268279 753.869454078793
847.3239893914854 726.4181862440926
878.8524270568721 814.2745894843106
1152.1981385914717 951.5156026273447
1014.7811951575557 920.8067589628891
1112.2621714136362 998.1943258922233
787.0108850785925 742.1395957969003
956.0699375284005 930.5299252035422
804.5286520768501 725.5008322635616
884.6249207853133 575.2224651928358
768.9775137237111 709.0845478714102
732.1810311530464 722.5042002158006
917.867656179512 506.62685419873407
1096.4668510245372 902.0702187207372
1050.2512857362383 894.8466100097478
723.0696332727084 799.7533180936189
871.7819129398913 592.8561748875788
914.6976040277443 598.1755823454693
1044.423426211366 849.915170892021
1029.217927941439 990.4453520943875
971.2419349260183 599.6509796011311
858.4634217151994 549.1776758620962
982.247023157558 910.0320630728074
1111.6644409793744 992.7308142331879
876.2437976622881 776.5183186798478
777.7709863035876 544.7814299854747
888.6615895508387 530.7591525648473
743.8954121850505 755.8693694548916
760.047414624719 866.0088283980606
1005.5755907643712 939.9019676771609
828.3144032249152 701.7238073855103
1150.2680618847498 1000.8470356161705
904.4054387276271 534.9096421083175
1005.7498614652787 1010.1788165151003
1137.8077535009759 1014.253525019987
978.5618317481727 1011.2866875491933
899.9943171423122 737.9838812357384
1059.8817435329538 887.3671245035816
823.4434488616422 593.660529089293
1097.2694814849465 938.9508771485135
842.6805304928382 691.5737153636147
901.6759442624849 589.4480573798305
726.047738038612 841.1256970903503
732.362815911091 796.3955533353801
823.0591477445914 637.7078782175214
1117.6249831931284 1000.1041524718762
1005.3920957001973 909.9455065548259
1010.1778507502405 915.9757124441405
947.5313122860805 632.8014599461085
761.2617115642661 698.7366507578595
770.709578255406 698.1078434778035
1008.1886136546844 886.956965260323
723.9140253165087 799.9578507098176
860.8952998250785 731.7195353038524
786.5321888032217 768.5085731173572
876.8088382143441 652.7705552286051
829.7642303360873 562.9290381105243
1093.2284415505753 907.1429664483143
1034.5836052165612 932.8157720006402
1076.5259318551377 851.9834659509112
837.2373441636726 574.9803288653127
843.5805289329436 657.6347062616477
826.1471125850018 757.5800898076859
960.1074807180396 617.3862341956116
968.8811470594526 988.2100530967319
843.304175121686 721.1519964496866
859.8684707368393 808.4080415843523
821.751248068309 549.7373386525188
914.0023032715802 553.6243417815319
1149.223859016593 948.5038579925292
800.4452419930823 739.8309280988158
1056.8216127041821 980.9467275098453
1126.2449221316701 900.212516645981
809.7765032789792 873.3162701939352
1034.3018401096178 1045.8581848281867
847.1759341473787 868.3868601162027
785.5469762586039 639.8495310550852
951.532922021906 553.6914511494788
975.295043865734 600.3374051595192
846.8340877694044 808.4910924864053
761.3558449695092 604.7590542895442
803.7135571892061 637.7442982156065
960.6736340793823 614.6486551349306
784.9938739341386 726.0939200779803
801.0107953345077 782.0136202882965
701.5342886436704 764.5100828376745
808.7211540422254 743.4374509012434
1058.5147747686303 895.2018694090602
1100.0662405686746 886.6611009105346
992.3646336701134 911.7133914878444
790.4615313971718 571.3212405531686
1022.0794003187227 858.6844073739002
792.7592688278462 578.3383282697897
755.9437282261513 795.6105599888557
880.4927023366062 860.7003338262604
835.4089321022165 848.4110526346268
869.0682632912435 675.9637589968298
851.7865679282241 650.624510369848
1103.745727349857 913.8809542577803
1053.2754663123822 1050.8532098814142
739.6792655221865 705.5557669795384
783.684728011318 734.7555163783315
1036.3743308781518 1007.7126983257654
802.9566006912731 586.2076416960155
809.7582401286176 862.4263803976996
761.2679630805318 750.2891184941883
727.4167726006224 709.882738085515
799.1591248776566 626.732914945374
1118.8456685956507 975.7202035907181
889.8014663053979 847.1772113982996
1105.43512713692 1002.6583371861861
795.0934466385029 541.933523220443
891.9107583306846 648.1290380545802
974.6513147689615 915.6333344598976
881.8164938087475 811.6154509795866
757.9698659402816 779.221476445545
787.8745001353924 574.6421268878013
866.7520745039908 808.078691108833
782.9150619415221 761.9780333775202
884.7709618160156 834.3103576988265
1035.0386732457189 1044.3290434798243
1014.5309791941904 947.6303444787347
783.764431543957 607.6482052193938
1099.9908022304255 1035.645449395093
721.3181949569154 776.2037449694604
1058.904998658166 978.2036451386632
1042.1709646175134 970.5402966456742
933.0472335443961 623.6654321397041
1098.3011284339475 911.2452990058694
920.9378892051413 688.29333469404
879.808004131274 781.2703277913051
1062.6096093919987 924.0089867936956
1085.3379108125835 872.4745488125185
803.8917072625462 615.4866801534004
829.7892342575527 787.9712946197416
971.9897159193367 903.8292271574645
832.322451093528 705.5344133468811
902.3129069421848 752.546681696002
1020.266265711519 880.2939583040625
838.3919435374311 783.2140136827838
855.5932330276645 560.1894098971252
787.5027315193051 890.5213504555669
956.1368186728901 602.0422209099157
1053.485013831882 1053.0782841984858
1059.8688486554272 888.9206698102299
1061.9977434172501 966.0486564881697
933.0472335443961 623.6654321397041