534.2429754546464 1039.6579564572867
515.4384681415479 1126.1208662022543
579.679034052747 1177.2108464750206
415.1367620332792 1171.0542636941027
490.3823274089554 1019.3308249850587
155.87607536160894 80.62595820508669
502.0112926072943 738.8250647801639
418.2606002748748 985.8010126768256
844.6607471291472 1379.4453345155484
244.84220869097848 -91.69147328494641
327.164844197807 86.2268470559572
251.39398078429676 -50.50024607440388
427.3767788892665 994.1173908829379
225.92750065719596 -165.44791857997708
700.0433283712443 1015.5665083051923
190.29414168481367 166.34701676709878
925.3979721740247 1368.005510916359
469.1765041003827 953.5264625965697
536.3220365444141 1138.9950238193287
835.2292188293856 1053.0953238291072
97.238471820917 255.63547129208897
443.0160750865479 890.0131946688505
508.9085675506007 995.3490888573751
344.39540450808346 845.0594995907005
185.71697770052563 147.10409599040034
676.3501714680252 995.131720815713
625.5685704814509 1257.9375170860087
451.9625353033762 1057.4895399050179
275.3618732166734 52.53739249813846
417.99378222560665 918.5299688972716
226.726564992932 -9.936890689182555
616.4534942162188 1314.6087356379976
936.9013453083265 1190.4497095906293
344.77528748561326 975.769769059976
724.266728718459 1321.9812494319888
872.8429002190984 1012.7565099576859
641.1935090669067 1159.2506940642177
231.83380526904958 227.39686871001538
430.3385641310326 909.2427600654271
435.9063836444661 997.443796400808
727.3311284092298 961.3715751746656
374.88463376132574 901.7495161392682
665.6494722724151 1119.647229817037
643.9862273675126 1100.372584378154
677.2664762403655 966.7880785843528
400.5593003329796 1076.8260195384682
813.3122686572627 1077.451464334977
698.8756794333349 1327.0805917851321
216.39231794996482 -87.93063525044896
231.95831313193779 -3.1371845655066406
257.87630909183713 77.52723867267217
312.08334723358684 80.0558345705594
177.55435169645364 184.70107598557902
567.7055545070336 900.9142976483089
166.4866298546305 32.80906624140863
751.3697104478545 1109.7779172381547
137.14834902497057 40.73674430595247
345.5550325421119 888.3768164958916
867.989631973559 1323.022812134803
105.42764351342902 216.89567723056498
592.0252224802698 1045.8011198259028
683.0758487965476 1033.514069974201
501.10476113528375 989.0012393041438
264.8312020112854 1022.6085465146981
242.58761119382828 61.94383193944321
230.1093170071842 1151.1835331554603
514.7074690681417 1189.7325336130073
101.79047361724406 85.17509915218773
823.3727060718198 1175.0815129128778
331.70848216383274 1107.176272559336
62.360167782563394 94.09851684152942
717.3627494266826 1107.716714228629
478.77860471133505 835.6046915394907
293.052356358747 238.5558292609353
311.5552980718733 864.6272925813591
225.58194005930824 40.74083922438402
680.1220750753366 1018.0460064340041
592.0847969195655 1052.3310614791055
210.5740532667121 78.12317515146876
655.4854857054786 1128.8338852468985
433.7352541635015 776.2022175366894
675.164370240683 1126.0867714572155
407.49667880170284 1008.1938299725043
489.19158824585185 787.3738857942371
246.31555397833037 824.2774563442246
440.3054009589743 898.3907021526502
465.3204814254219 1050.3388303201577
309.5585888619682 1061.8519599267236
380.97431938655626 947.7426717188494
880.4773825778466 1072.0354679242614
500.77823985808106 1019.2617833865316
349.6515423891203 1084.8376886382446
676.672531398991 1196.8650641636211
874.4782388695232 1461.36892796644
83.48546457626911 244.18700211094907
318.16361596989 988.3596950521708
388.80196754487827 862.3780539617921
371.08402267854837 -117.60690605635514
188.87476544334086 219.70707936397073
282.9420470864293 888.3119660283584
844.3734320819457 1088.3807814729396
341.24845616328827 907.0380345164256
675.973953419829 1065.608522485463
611.1285020201753 1242.3501934622716
85.94353846426264 183.2332060152707
798.4631302695828 1190.5999843960317
704.9967285500145 1030.3249106932628
544.8229972024183 891.2141999495786
61.811066960144025 13.996382052398681
562.4065889339284 1120.4170165225457
30.102683072210837 125.52816775097598
723.3312863947718 1067.7296996307953
770.3657609129125 1138.2857263329838
595.1970798503048 1186.7554649186477
388.8714131027933 890.73346182736
115.17946504792322 -42.147796506197665
672.6488222679722 1290.9245929479387
413.3255204823589 887.9183554414165
431.55346460407515 950.192451273917
271.3646820587822 47.847250700260254
762.3427790003451 1234.1221526768402
958.6043689813838 1127.668712445253
111.66613412045186 158.5535412923165
808.045761923651 1185.2324193203528
624.292119769642 1184.1200617390668
465.5799523610399 952.2352993925246
336.72365747687604 -17.00263563818547
652.2666848878414 1229.1552602370714
342.9056261769816 891.0572860110926
373.79454905534817 13.981451041294427
919.4485001533833 1113.276668697313
138.21073997039593 60.32244736448803
246.71026014502507 73.07287551778558
719.5019060019081 965.4925889247003
339.43419062747927 13.444282642654994
676.5579588677041 1267.8762322114758
145.88342951229447 231.58351164796676
402.72307433273613 1131.0272019066024
455.82131542611444 681.7307765131528
487.51178441481966 931.7930740736775
45.436339077415084 103.24749183864196
267.5945759669633 -65.1747995225339
964.2137183023473 1187.541529697688
279.677793014715 91.03324045535882
746.498836205942 1151.9917305426536
460.44033199110027 819.2085587739905
506.89239459991774 1070.317800690459
146.32507183695816 -10.785902399631196
287.9339599262554 195.92549467905397
442.0310887376627 771.3799757829629
332.0013246690599 98.51535911820376
291.40988650157396 831.4216836735145
139.71740541576725 235.34762516584266
749.1943761956541 1076.6917495352259
399.9797553932957 962.0957158207267
281.5833505337936 -1.0940043370720036
441.49428416438064 1002.1699010222314
133.87560976455646 150.36407000010664
809.0816872801755 1114.1470352263098
199.7491494202384 2.8839018658414406
349.6447915886158 942.3112157077585
875.9611309433884 1044.5599740088076
954.9083890851069 1123.39876113816
752.0256843896586 851.3986910128712
514.5858358302174 949.3796693823755
305.6359595932043 52.86838308344898
344.7790829032845 1106.6557022041543
536.8028893834404 1020.5864766598436
931.3857039289406 1134.6614622953507
181.543462034938 74.7772660225647
551.5533790900714 796.6393407414989
637.9714247612197 1222.4910728939888
843.9438624263188 1118.1869199304908
225.79573696059492 -172.3758429744091
717.9777327015017 1232.6220105620243
312.89703621228557 890.0814337397396
620.8505053484914 948.5330441848886
373.1852732838397 1054.7097776129617
531.8548317050531 1128.3289333562225
-27.169856697457984 168.41370988470828
443.55813817592013 908.7130101794403
279.8311831584263 -334.5296014416867
727.7759419572403 1310.443926247267
124.3855615884248 69.3535548178425
220.23275733279854 77.68098471893829
177.12793065237148 58.78339966234168
641.1912489309306 1281.640142258189
754.646859688365 1171.056976249608
679.5208420027565 979.526780969791
844.8814326444818 1132.0211866644113
640.6550247819804 1272.7420182985159
226.14078465549375 9.916078692804671
671.9047617569057 1045.8714415014224
623.3579039567593 1234.5275759211197
644.2647881224849 1134.9709629851955
814.0745412716725 1036.5091487415875
699.2407358498538 1158.058732353485
882.1697463908374 1156.6456868515245
155.6297476420245 -65.31191166465196
494.2162410661452 1034.0793662751912
796.4744537308477 1109.8284340232199
312.6208403141881 24.756066954551695
423.8651921329799 867.1397936454183
704.8922233387385 1309.5226953603624
913.4556119522058 1134.5823083934965
148.81314886316855 -63.25548015955345
735.2272696575307 1078.9647617152837
790.7426612380526 1119.367423349847
283.6012760516048 933.3551917103033
406.9035860867019 1051.2414043564706
362.74233297468857 1051.6811935936923
374.03732283151027 978.802208899772
157.1943541313809 -77.49469935910008
524.128385810048 1028.107821172646
796.5744388199931 1281.7398588355752
781.4937232712136 1141.4722230025754
140.55470381062528 -77.65004163590744
813.0662547238021 1212.547651147582
783.8083857427478 1276.8816965139526
275.99088856462635 987.9585777961489
356.12270313835984 823.7648443561541
114.36819338371238 44.248922303783544
364.1016062761241 758.2635273799789
802.4009968706264 1169.8263144273778
649.9322008633312 1042.3196865357452
599.9849881050959 801.5861601497456
618.6807764685227 1113.9202397301028
809.2377849829054 1216.241822580523
669.1545404599592 1200.6287978465136
377.835185566929 1008.570988944771
766.3746014987488 1185.2355277643474
206.39506656218805 -46.893729952025616
868.3214866624502 1225.7417542206842
153.230732030042 -0.6224590565119742
194.44720660436877 373.42167213953127
113.62624462728198 54.24987418401157
263.9615707275902 -51.59359516292113
249.06485698553112 -270.6396047547584
274.5519400211045 49.81544603246415
125.85836096242885 333.1823233918587
772.5339566786968 1000.1082863708331
491.3288659786819 1015.1540576597398
80.68586943960447 85.28890403016433
38.70658516012415 134.98579000462192
605.4933532163127 883.6856807485392
118.35846986831214 117.96384594104715
380.1210820612961 123.11681555226295
202.95290469083403 254.579709024223
719.5559468601025 1309.1231205045974
115.86306541945393 141.74113525934237
242.00283345013224 -13.881765512815585
783.746780994531 1243.2828055745235
863.6602567865201 1138.6591886937572
509.7909048540869 1120.6553031914882
292.27062603695856 118.83217363372475
90.25628949155188 16.750603574164014
197.152263344849 151.61804774606142
55.626210026905106 201.1162370317061
642.8037204585061 1018.0675193368279
747.6231526162794 1344.7610230908995
563.0880034129638 1191.5222479662673
29.222185445988178 73.51263012838962
511.96632439480175 870.368627576204
618.2138855026064 853.601684325079
450.1833717501056 1114.0788118980602
448.32676759368263 884.5434499504964
411.92186698578746 947.835043354854
804.840323080416 1446.6935112398364
535.739928297474 908.2249616023679
500.4948126788973 948.3711780081798
652.9756627122895 951.0690631095204
332.9073832081365 -17.685053560061213
529.0460516465375 846.5854671946993
472.91255232492 922.3305560387104
307.3496268878712 979.1991951104751
755.0323075243426 1066.3212609995069
918.018531740348 1055.8371084979065
278.81049385869983 136.48310861852852
573.0973323603368 992.4453409958579
598.8738255586971 1059.698546181858
97.18160165064795 43.795904539680784
841.3334879042701 1109.5525492574
506.72558326310815 979.8100611869834
32.57697384073069 95.6635813650249
854.1091893254921 1187.112171384352
785.8739140916088 1179.989926896021
248.36035029723791 266.4952983734093
73.78002093329611 7.483525979723055
151.15632026410455 -97.56860060947466
691.4153663154391 1110.8672544369963
685.5241016111714 1110.6857690484167
812.4858145011237 1079.7853917814175
187.7364654276217 149.39891223731954
557.672179798741 1075.3761038750326
436.42625268085726 967.0358518698217
202.76657677857543 -137.27109171684867
826.9865635127588 999.1830103045826
253.22065871522545 67.74454922336275
847.6419380221897 1081.2942226996022
190.4006035667695 2.3178404448330454
557.1871246555284 1068.4501408658366
158.21791042984663 90.14224607707165
738.1214589178855 1057.102576328857
82.93253776992808 -48.74870562950492
102.29863959054613 1.5027241795642103
69.63406600841213 222.89048251577492
846.4455494317657 1170.821909240424
842.0839918023867 1182.3029192414758
337.97901943790544 1028.84018728484
80.0447284905574 -3.5818035906630334
774.2396136178554 1185.8546605534384
475.95702244092473 867.4626936925612
901.4092716109626 1079.4979917584021
756.4171907657778 1267.3867394720091
215.53855587000427 96.86061010130503
919.2819529744171 1343.1813361059742
857.1912629466343 1083.2526908315124
638.803464712859 956.9071042298617
5.7989757941963305 72.22090470637283
259.25966343638413 176.77441121807448
719.1497408777853 1172.37947833418
301.00793895551817 -111.43078810068634
673.295711955944 1159.5472152155749
342.2890517732563 957.5581320718306
225.1595644000515 60.3325596557236
710.8591094495863 1392.5407207190628
411.4972332810023 964.367202323346
72.4862147153645 146.39864512913175
236.2400968821088 -10.176572215025574
670.3547749479355 1015.033476713293
796.9463931565803 1162.579515896782
785.8889204119773 1080.0277289458706
655.0708562885989 1147.7333438911883
630.1592660466041 1310.9996989062388
668.8760337219608 903.4916695355406
719.4715826279211 1256.8676500970862
696.2830729416063 1122.19594558061
301.9109895461345 954.7992163156792
93.63314000521486 74.53532971447663
232.57754887796003 164.70839222109248
981.9087097545366 1215.649305225535
533.0224866839872 911.8853979241214
647.7320793309933 1036.705940929842
470.9815199557932 946.281885685079
156.14785633792567 101.38162004629079
407.591895258561 966.6231441869091
157.57240464983613 120.13155088745255
907.679794970017 1150.6636930068726
301.5383280687851 35.98142306680197
708.8536400752947 1163.2448878101795
510.5677007977339 951.737075599855
310.9684091292516 1035.9197836308565
382.84755352419154 899.6473285770444
582.7317021522168 937.5931565596452
130.09682753949647 43.95226774777178
181.77273684548229 -20.367710151187957
369.197490641986 1152.8655259594427
359.0097750196991 56.08447616703252
294.3236404183035 900.5883354758242
745.7562046542952 1080.6919318359276
271.4535406979243 963.7058696897086
145.87427254505963 -78.88615029740028
778.0995648803912 1266.108624751273
376.9781134722207 1164.1354620712375
476.84398454464804 1049.8028284600068
817.4047445604161 1057.3001874710542
221.6241330653568 167.88870396172868
879.0386978197287 1122.4053313150637
262.9439962815708 36.87790483110536
331.34906169801735 5.543546056667757
126.57774915615755 182.75059796044917
545.9469335451581 982.0845057072311
749.7432040404483 1206.021025494998
844.1055069549984 1313.2929035659872
685.6061635221032 1148.5972810243538
323.54477148906574 62.33191530588355
745.3537514303724 1138.6425444710865
240.76414094461205 76.19337919951528
680.841547154408 1151.401241877405
537.2360745130164 908.8415945152146
838.7726571509257 1033.9341768922245
590.306814999684 847.7184634748572
744.3967368355995 1286.9460349538974
164.1429635801784 18.427511490147456
611.9564183368697 1259.0168510425967
422.4697752671326 941.5568371491513
746.8885637893674 1174.2159127795346
539.3972173479553 893.6911042746965
239.01509280207654 36.67685414089225
475.4411216348382 893.5856273960013
692.4677154689598 1126.647110913891
804.5021350891724 1202.6631012190094
259.3827530948347 33.06141977359402
432.4691508398134 1100.7391665205603
781.0272971716561 1253.6394315573132
762.9281696250072 1151.9563583812853
426.87059373534345 836.6269735345279
166.81141360233397 93.18815008259396
193.415554065623 89.7013098304647
565.3925957880091 1082.0159085992489
962.8891315195284 1157.0980290375635
872.6222179729114 1159.331446915953
271.26913386186175 147.43114411710732
164.8142306602432 -133.65723227500453
345.4823034827534 -16.635421116654683
508.47296390866217 781.342564060345
91.46427903852252 89.46518673541145
199.9061034358488 6.037539124427212
29.79708319989705 207.50924398332208
518.3418978559971 842.8895670210986
491.05091634445523 837.1344716849275
571.4622655337954 1010.0553318990835
327.72595707600243 146.9283300523765
413.9895021899415 989.35184013238
815.269141144954 1288.9451793518626
296.93608709545805 86.60768892131041
838.6219090865557 1135.196603451834
439.5076951772069 1121.1374267771216
600.3789061275567 965.0930656834951
144.4721093522216 253.3107218982471
281.27070484900463 935.4903980011298
298.67607250471667 108.08646536124066
75.53623566680017 119.0830391835212
764.9988144605952 1156.2368305245177
743.7287180106281 1212.197946305302
195.59897278277643 -0.40174683368645686
704.4820930699559 1228.2730054888484
300.23488134613007 120.73929875852407
729.36817894612 1317.9823769968568
842.2932570317722 1080.3955051448156
967.4131754388947 1058.6830922252045
341.26383492007267 80.98882436016032
125.77942661743886 165.74567178119693
439.06572683865807 786.9863150535841
506.27733126717754 1031.0787600272722
63.08225265824969 -27.46248664039561
657.5782643640838 1070.4722374890996
675.744725761163 1051.914475993844
86.10991013475595 -52.616033602509845
445.6960501280417 873.1520475944562
549.2375366795957 812.3201828962522
105.37855120856507 -68.06272228883743
684.213656982035 1017.5072973960943
535.6082096438423 950.793411096223
612.6018609932967 1189.0534671397456
474.9100118708303 1206.3982847824273
582.2625809972236 1087.2294143519407
352.58228302300427 939.3739953036433
572.7984936271466 904.6630818067551
765.8248881268886 1075.1004000222636
778.6528760493351 1187.0706118188818
303.4649905285668 1093.339853971452
745.0227748369294 1226.5812022062405
411.1917842293168 720.800853948708
883.0847271472551 1100.8291375138408
137.16392103396961 64.1524658965159
753.3699327241347 1071.3622381569937
75.45048098739608 155.47454445283273
383.9189999488207 692.2127815682783
849.7453037828758 1072.9509707627428
324.40984283661044 1019.2097984788776
159.43271263498676 941.1033216619993
826.5998583809302 1318.7876791898027
452.1628283374247 737.3963503171378
637.6118905437289 997.1060607577612
423.82615657101854 813.9693306673197
8.647602609464624 -113.72849788429082
716.4646908762644 1245.979504302168
803.2826079640677 1050.297123096728
448.00531127688475 108.72312327232582
130.63343702610493 151.4291693756881
556.6734234689507 960.267114701438
592.0324414752715 987.7421512723886
797.1233211765666 1106.499337000683
-24.485465124798573 -19.81442939599412
826.1189312713626 1385.9622908969866
419.333334985976 889.3081746906006
167.5996718563668 -27.14701585490025
455.1758173093805 1024.931517882438
70.69896406360334 25.611696069526644
610.946992009599 1159.511487735283
474.95897561379877 1126.5150124716267
372.1769980933472 1065.044399073693
392.4009884593564 919.9809781209957
731.6297478548436 1196.2486537894863
721.9058773321341 1064.6391324374815
228.67932718716432 151.50086488995507
112.30176584879652 -115.79664585195285
228.25822408077403 -3.40281240419925
837.0011019311172 1128.3991636667588
103.16187646784677 119.34780124793753
324.8867975740188 38.30311940921511
122.40542490539073 104.34542860165726
416.8305986815592 1027.994704281091
720.3023105601507 1092.617686644784
162.85701797838848 155.0740099882345
766.6560392864254 1287.044061210831
407.6582992281273 985.0174948920488
672.631027197132 1214.434816956999
125.65891828866818 -116.00066917860724
901.6263948237032 980.9142668523397
512.3811808628194 724.3844038122463
517.718160092866 987.869769184768
349.22873281544685 847.0590778424348
847.2257436694088 1114.216897968853
520.8261883640774 826.3872541945582
424.02114887876013 838.1611989287807
624.4689793214618 1300.172868994303
717.7071728928777 1263.9004413761459
854.1146994030781 954.6240126908808
705.8029810451546 1299.266942821156
726.0260027439681 1042.754553584796
375.87763692485703 130.25955645238923
208.21456464607098 69.51647395913457
372.81009221834023 931.4713970725179
-42.405216129458964 -119.16084895183134
243.59267227085397 274.97407274756125
277.1394499617253 114.48970922952843
333.30501123033997 256.6610046355789
968.1778388074223 1111.9477503766595
668.8786349008975 1064.2269349203405
306.766047961463 1084.0096656362787
426.94651628569477 961.1891308912059
346.2267096209872 963.1969532772972
698.1890841317228 1034.791211055851
556.2704534731865 972.9065340380231
649.1379810772436 1237.821673674385
598.2756828984651 977.2938921960231
435.3094923487955 894.6781000788933
129.23551185332266 82.47296145939939
581.254340730199 1143.0550503746101
156.90589214537846 -31.08836608910364
181.9752344352635 127.23348336633815
698.5177269483468 1158.0262343137333
402.46929298680544 990.4066979714041
498.78470309146235 877.5103924720066
442.13636060842197 827.4277310792161
545.4656331246722 1261.9656029754108
379.0551467003841 700.5591346820468
153.19815848155054 53.37531158296374
277.35981927095156 59.74129055624969
596.0438490064836 980.953488942507
568.6578700818753 895.2605514542579
794.7287095443703 1052.5098106170838
621.6838520899678 1253.011290289085
744.1698692216382 1202.974307283088
513.5347905642624 979.8055829948003
618.4164479503605 1377.2683330398995
867.5099644431165 1076.1004706276747
746.2287033103192 1153.8844323856629
829.1412031094006 1229.5176627207966
528.8652241935844 1218.2232624948228
571.6083658329752 973.0659064727112
107.83568288564526 57.36580713424013
65.36834443827829 52.86620740738006
503.00313865632916 951.729620402778
619.9284786387419 1239.0077566056436
534.0210003818245 656.704511847057
677.7055085389809 1053.788691868605
636.6522115780265 1171.6086789034096
741.7176102183445 1074.1795687327378
666.5522661725589 982.3000705987844
551.2654290972525 914.5439669522887
374.7720674755173 768.0082681888164
69.63728088877843 95.68437842017681
474.44930947869454 919.8380063564628
847.1591146382103 1097.8076475439605
438.5084672276441 1077.314420798091
556.1478306244042 972.2859784778576
717.9781928816443 1150.6526535740034
363.9445057051043 849.7902791726428
239.64346843701117 -10.79405847548711
188.9255580484627 43.50418653176798
384.1175688296722 799.4188517362035
191.44615131697265 -132.7409929120503
865.3982663676547 1331.15308435195
763.0988570157646 1071.0560148934298
820.0985401533432 1052.4447115259707
716.8758720345952 1190.5830098875063
326.7126603941552 977.075448981387
380.1645522243906 792.059383081596
-10.682785178372134 -49.049279843747414
166.9934389481778 15.074390918090995
477.22168670248266 831.5689943453374
785.2281060335157 1175.2279356319448
185.58917165262088 43.25861752024944
440.53578962383506 1021.9993216384278
742.1634204131797 1386.2573758993324
99.99715588650122 6.425589094668047
409.61374829770693 892.1808907159427
394.5701923803053 957.0771344301891
827.0034600041165 985.7701740030167
608.7983366484457 1370.8874510924582
307.40907278121114 -111.90864866094202
-32.31171129691282 139.12258438675963
622.9744952871921 791.0062278105503
404.35389950284554 1114.841874555854
443.6635259312892 925.5796354728905
792.616037988919 1284.240919408017
473.42991819162194 892.1110509339314
487.2716956989831 829.4587224570967
75.13595308261827 125.79752642515216
576.2020114056793 910.7455498223594
531.4812694944427 840.9182396452645
308.9218637694258 -5.368435049994659
512.8192513636471 767.4387856730084
178.0555037516448 150.43670048869114
516.8766460780564 993.0922223529041
199.91071349729586 87.3544215578483
563.9277190658511 1094.4386490222805
272.40299182658674 121.78308586357664
99.95345955861141 43.85211627145531
284.32227044594316 247.85481705261816
378.7513373457467 1028.553557576961
638.5713316811857 1121.5085729620769
785.6836239334874 1278.3192084906939
158.9949721943309 201.43578886272425
474.7185790943671 947.7661787367621
769.906474326763 1192.4579591527947
869.4490064096702 1087.3740570863881
717.7899195977359 1313.6284975330573
145.5935903385256 49.198075973198094
386.08398267635926 1000.2039788934107
233.1567924253046 -79.55105002153462
81.36036679826908 109.00477689470527
381.45515674774583 903.3595650002713
415.3255056731828 1037.9576342157743
735.2807066906902 1054.319501316224
72.87225213840009 42.345782370349895
429.8558786524078 1013.8269364631383
716.7441878380944 1122.4248855411035
212.4954791270408 49.03594317779919
711.4107132159072 1293.9670242201048
474.38591396991404 1045.8898907905816
856.4233638849629 1191.3107076965828
151.06608558661014 186.8073532405564
707.9219489093831 862.1079132726883
416.10264915602994 956.8837996600585
24.054185502439395 52.00804621415005
721.7451911496804 1205.3118652301255
28.89186348598712 110.98420277845861
807.3787795278846 1075.964427496452
620.122332222357 889.0152563399417
522.1805480730162 878.6203673223724
419.27397262356243 915.422192531467
816.2277752960449 1186.0969518967056
315.55639168107206 -16.08650058496695
539.462598456715 994.3744497741396
795.8578450923355 1169.5708764547026
328.4793053218419 -129.37901503878447
784.0525638981233 1209.4897257438915
512.531548634314 950.5246261254525
319.2658334673293 778.2159326558079
408.7070096251614 870.3909816934039
206.6462281735697 -62.2993455740668
257.5529887446395 316.6928803092148
311.24102787657654 845.6358351742165
323.316081812082 924.5398146361877
782.3572404051413 1315.7099596842233
883.8360400478415 1215.6668052683758
122.28701046109528 128.54493179626175
695.0884923040412 1142.2995548188449
432.7497803099794 937.846120783996
234.8732537668718 812.0740581937253
712.0598120569855 1350.664546742969
495.4948918370678 970.9361749053425
182.61336377769248 63.559722482670374
402.8614850683979 923.1780248094494
696.2625786830163 1270.5872727386866
54.79371689422592 -111.90892178932425
182.21167223537276 236.91106628789717
712.5396860945231 1145.5855045654687
619.1832290166857 1290.5614279686001
59.80013014088988 67.12349087682004
560.7576261468587 848.7827271428525
165.7336617421719 88.60964847099815
431.0247752230713 105.16043433508301
343.48368069037355 -149.2357232049135
633.4441511322867 889.8219902001616
725.1971912928794 1144.3362316028472
489.60398994162927 1142.8248900690214
787.5795503825433 1027.4089237952264
406.093285805763 963.6873232477585
398.1496513112875 922.0807739626613
755.5589869480643 1052.8632369937247
671.1181355722924 1161.907657027227
622.1649226660926 1215.0918876957464
309.85798091454046 37.967408018110184
596.1757136552474 1211.6978307331703
53.87938615946365 78.7810829087926
366.40695921272237 1057.0884705099816
499.04326235832065 1091.2036621120158
97.54112330388897 -52.38084705566587
740.6961673305284 1120.2645926549749
532.1137395505948 1101.064333424994
428.3989470506492 824.9869911582657
339.97265287420527 1046.7924727465331
143.95155738988637 115.65598759873134
175.30934634694418 165.7491501771792
803.3951972009937 1153.738122922872
965.9955580404005 1194.0058688179947
30.62960098219553 51.512470359936415
501.7876886657101 1129.7609516335401
231.80829303686104 190.1015046446888
517.905724810374 993.9637140809506
586.8932270084795 1028.2429719023944
326.19170592329 -76.77455620632985
686.776636850209 1263.7837158610273
210.4070974088635 -45.69200192396445
406.19263225358736 1078.7177668885274
371.9132918055242 77.03186918930378
667.9922630182418 1106.967452452578
521.7063020960062 819.7441096330839
911.3768090593178 1026.123820310925
605.177344609438 898.4987660177078
855.228542465544 1131.7383902487938
105.36840009552196 146.95756051464278
167.7547708893691 -48.594400155276084
773.8374844044376 1132.6669685412885
245.94194064092727 857.9231578834042
505.66053003538633 1141.0315292710468
289.6277958987343 -50.60366381137058
438.77356258472884 825.5317276083929
918.8249375628454 1249.324415994435
640.04426397227 1282.8047706623925
392.198539387686 799.561786689384
388.4114421880908 1100.5010950598328
652.7000223120295 1104.785080649715
605.6709242996603 986.6629140023342
777.9580912688087 1117.9368297836097
113.81854099855998 -55.66439095331084
284.5645852450328 -144.5789818834268
181.992655718766 -82.06346427636988
189.7693588918375 89.92071560545477
656.135327958488 1155.7979821554816
762.1394368537453 1150.3647308786271
656.3520244215697 1122.6999534549823
272.84654770175536 -4.35988279177435
496.82443390495257 1080.1962131671057
785.897438956672 1099.1049423182699
222.93103509383567 79.48153166805078
676.3531660842863 1084.8526850669082
455.96200749921866 1098.3463101748127
545.085726536748 938.1685148553204
860.1545731265187 975.5759011023318
153.4172864537543 102.95825803858699
363.4761743098286 826.8529430093732
581.1724847457292 1085.5401536982508
395.07631732106444 823.215915982044
815.2970975933835 1337.619664541977
853.9755731918582 1247.0482531340235
153.66641263828635 68.53350415462259
715.3196528167316 1148.1371446474398
619.4702672672385 1129.2518966382065
329.0813454226049 1071.2775879061846
198.3731859032023 52.15699930001724
322.99849026317804 84.36730277402518
221.29119117101558 34.40484810712556
764.3516176537876 951.4520634218251
147.52004444830172 -34.27979957144614
166.61645390277613 -75.93290053695848
702.285825259234 1100.3614794266157
370.1537325337525 -73.51845288850564
187.8421611419372 107.92526168015092
400.40013034574736 137.54248496008782
184.21878869852975 47.8065072854346
822.4139652379423 1061.8248263937494
276.9135045345244 3.9917357261357793
607.3289110487956 987.9842575166989
957.599549831871 1192.311422918187
117.02680512855504 58.37182437716734
914.7990141682595 1064.5280255848481
460.7396833332449 1083.4731852161526
646.9554084138166 747.1756689780508
487.06517881620465 1054.2880899425531
396.4019653592723 1073.1507963964843
432.85944491850876 925.2638406945499
104.73224989383762 157.87915379842886
687.8388356383334 1144.6480553753204
570.9800249003631 972.5394414645135
281.1350158700971 -100.63876037861803
691.4369240859072 1224.06764702511
772.4298478912365 939.8990158821728
281.5580159215665 972.8822242072692
385.14612082911856 999.3084359287164
790.2488565339621 1328.7368056551031
570.4949227629552 1129.9635876257198
713.071675792746 1159.529224644977
833.6519293881041 1072.8887327000216
306.06558294097687 820.6888333674798
510.39759641329886 1073.8457131711616
134.5216896674694 3.58905402992646
226.05841266211726 30.001538817455288
404.1374590859006 1119.773448625184
524.6654383344325 898.3519867243356
326.40103418465736 83.9288160923851
145.38981032224154 -35.08417729278752
866.4227103743672 1149.355309587945
239.2086417107346 109.12756505545492
211.05091795269837 81.63615372206509
329.59151091440043 -84.70851518325122
372.29187252878313 1127.737453903296
469.1973013671169 766.6116690506818
60.37690303054911 25.817161256290753
267.39612176427664 917.036173357878
821.9839971490011 1009.8713095729227
344.84076021051527 1008.5998332476825
386.741858645039 59.8152647681651
778.6526215794258 1130.0684569816465
255.05961534579447 23.501630992370227
705.0094528905681 1159.879528982934
386.1588344059809 787.2741767880912
137.01346405445474 199.95540685915998
534.947648633135 1175.1730338438351
769.505575204229 1187.3124200938448
135.09336269967062 175.0730260370865
388.05806660066605 978.024507353502
273.9130058519264 -83.42991972562089
362.6548339840226 1130.1005291242693
210.88139512489013 277.742222130915
112.27459641246897 103.23048734832331
675.2118931132364 1118.3791009651927
260.9698210422733 1037.2459232908689
373.8008669618381 965.1321827015366
422.55907534660923 684.5016058490214
160.5111478763901 154.2209948305746
262.0746360843276 -56.833701845056964
531.8608861843092 1004.5225097026452
809.803492483607 1082.524709440925
200.87949689091582 -30.766228276597698
328.7200885047937 24.29312274362917
718.5459949553515 1010.6305345843006
873.3016300935941 1375.5557096623043
790.5772809713931 1113.1458361305856
698.4343456275499 1044.9346636830148
507.22080042229044 1042.4525854741473
734.582133948765 1087.360221887077
431.65292830036424 957.9121707880857
641.3270028428636 1061.8111115496415
315.4872515378076 63.88165133202049
596.4286874039514 1062.755870763109
171.17390372507322 56.333837714239294
737.251346568297 1222.1663600195382
836.2121543908415 1224.994390874203
326.52150067148176 127.35686489126007
757.8555244620911 1274.2216550491162
404.7467045323207 911.1488930949147
858.6941852892691 1167.16981407862
138.17620590313444 -65.07417704228179
304.79644350727335 824.8873807354929
682.420171384428 993.5399548140635
326.8636517681547 994.582701643264
229.69051004049996 106.90802898727038
543.9896240478639 1090.9533654726408
723.9877421604732 1165.158340952317
90.79734015385112 9.314174215501547
413.5648449653508 32.06020294725449
846.1625947729116 1152.563996463015
624.4554411266112 1230.7452632375487
425.0230288114589 1067.7528830831902
243.40643304019193 106.04832313003176
175.10135083158593 -21.801758588228296
377.0046477781421 30.51464567680364
779.7401440643346 1129.8494634384053
94.73738696598946 37.60892746415749
335.19137117524406 -0.27318428470547307
323.2030493578675 -138.61150043837654
785.8732935377396 1209.4564075016567
102.07062283393343 55.81103318078508
732.2213830830036 1245.4628504540688
79.43098035519515 32.29427773725479
727.1909942687095 1210.6907494029829
704.4751969103098 1221.217789259691
588.181788344125 1011.0178304411432
87.01218892135596 155.7211243320506
770.8373145841368 1049.6468908700872
203.12472062947873 69.81941096250809
233.38047204412007 62.25794259435612
516.1114995096267 972.6360906533275
621.2757896999306 1177.2400537268331
733.5164362300854 1147.5313495131745
109.27674033206132 140.59486629586007
418.4343171051494 127.5656984654768
356.2095592623529 64.78143731228272
832.7104811706956 1095.7200021605347
393.32540024168446 91.19724340251366
323.49456592246094 827.0903874416243
688.0800868435118 961.4915929294423
451.4121613204401 1087.1855409503946
548.0883143612801 890.8391489329282
629.0214869783495 724.2939683776465
920.3973537749292 1207.1458674154546
446.4273184662207 905.1371535743698
203.98170392076315 80.44425654165572
262.5838670843218 94.9855566790761
607.6556607902847 1199.7027638401146
490.65697278769244 1034.8992530420162
85.63545936190458 144.02469346757525
433.8359208739866 1006.8041360538988
797.7965764127271 1107.4288626741777
802.6895583944732 1298.277534848899
216.77004525820388 167.46689619735957
449.89532722906665 922.8127260209734
119.16640809530514 61.670704676326736
376.03512403698545 940.9349856254516
399.09688530126124 23.252716833407767
487.956452100807 912.633907385297
125.46632972442086 -38.17921031538914
267.76986537290315 108.99590769963021
742.9593487094296 1191.2221829494963
545.9412725586415 1019.5885971822006
782.2677467496844 1027.764229467091
131.53026173800345 -108.25476780566274
769.7813469084784 1220.689794264436
409.3053383382864 126.01838949074386
695.8232091350013 1378.8593976794618
561.2691019566693 803.2899347204955
101.16793839707604 57.93576263827997
129.83225854852265 -94.256571783483
498.17451754265807 1146.3403630486455
867.0584657607732 1146.9292036211416
200.24372165274616 176.56583874995246
484.98095198894885 958.3303341834522
171.70477423395457 -42.91067536129602
396.01600707688016 862.8399972127845
298.28964911644056 83.4570518500765
225.76457568127898 990.4913985416568
589.7140469734833 1066.13962586756
418.60507535706915 1005.2719829432289
309.4779679195588 224.44132469190254
866.9871065584074 1165.5637246269205
703.1248877950145 1052.4332940783104
87.00951709503794 -64.00704354056177
322.22673943246673 91.25634873168055
726.6006770557929 1182.3154909852904
357.1301516160078 -4.394811556469051
665.0153000506224 1213.0415028233804
6.912676338549795 93.19046539874002
427.655654215143 928.9599800855817
712.4387728494995 1127.590562649085
359.5024284590318 979.8357410145162
142.85036870734183 271.5806372183952
513.4160305655389 902.1268836967049
273.0229241724844 129.78734122757103
259.4249984141569 48.9342600328354
182.8700174476831 -204.98574924672954
353.0988215303984 1021.1968236479506
688.8496822454854 1041.0298930399238
222.71733765223433 72.35250225224186
413.83516159190043 1001.3743925523279
646.6667357505797 1130.02219359863
293.3713745824506 9.28920541332555
294.37653337979265 53.671919546982856
828.394303130077 1121.4893570984668
249.58255572101916 -173.1662521333435
293.5392246764895 10.575515813957104
515.5968622981744 980.020360709374
942.6008614600858 1211.1625488666114
536.2819500365816 1212.3666330182282
652.3223268112151 1227.1864415590487
709.0948883783778 1204.05839093786
392.0839621212987 954.1539605410388
200.73221964865985 161.4743885711668
557.3642045442499 884.3023041367818
400.50964857316706 1179.7180004654988
939.0973853979518 1190.7957515313988
691.5988709356616 1108.6340384146044
538.2015861520478 980.6198665527822
674.8965869545673 1025.6836361031537
591.4170738174131 1180.9497946514305
197.02600540929646 153.7028928867663
786.3124802023489 1124.4129447616324
545.9509915819027 1149.5105100856235
683.1064657261225 1145.4050181063426
604.9069757491543 1165.1763750084972
406.79188393308453 779.5508312837474
318.600053250884 818.4174174531483
194.41478283694232 187.5787048284671
757.790326764067 981.9280844478917
126.22401255208445 110.90217646990929
688.4469038694754 1004.932140154375
356.92608599712975 -81.616806640372
134.61547261848534 185.7449201991659
126.08068054063335 117.3574013654677
495.9517912869443 947.4515565993288
773.5200566857183 1224.9052209176693
392.9859598264335 977.5676892470494
223.50949834369572 173.1143125401735
411.87539668405435 994.1856468725891
909.0610190750373 1066.4847605591094
167.03202222139512 233.20894394564135
281.00403778708795 828.0899206322113
229.78005203770695 -42.695861421363304
808.4460159195057 1342.3503773277578
406.5878800019351 849.4914504552582
588.7961518782913 1156.951452202172
431.042173028985 740.2950266206402
85.44960630715268 -26.66627530663964
97.53394130581906 17.786001393462964
601.3884812722433 1025.3772850198463
2.5375418752125705 129.96652608663814
506.8652051708618 995.6162500617145
652.9181152036241 873.4138771842486
474.9730012518558 881.8949714331535
540.1410088203222 973.7483877249929
399.4313076968751 1008.359009929445
510.51626342427494 965.6691890289155
391.47273710893916 904.7786246529839
769.1891198552161 1153.62549850802
322.4785050487716 889.316806765433
234.59286368476288 952.3622718933628
743.9965956627905 1074.7867493388874
272.43921787581104 133.17816225765498
560.2849030420525 1145.7580844085926
699.0644840193701 1083.5780835691726
225.42758758014526 877.4790495682194
259.9225857372791 292.6981997549204
141.9591486581045 123.35188913359848
669.9894009012468 1183.136410231582
632.135376616476 910.6985755584881
297.3731006584203 1075.7489347066416
487.5837495521527 862.5103166259094
421.5485485171605 1103.3095936702066
201.06133028624237 107.66717458682132
364.57090083431024 801.9568487494837
562.9732497015488 918.4311426282794
636.7879844672664 1126.3089291767524
442.5111431507818 926.8617699330773
68.84020390228491 49.27418445442367
730.4962004725861 1253.8408529371525
853.7396344280743 1207.3193189746905
750.4741467854127 1123.7323837106983
565.1121421049825 1076.3296340312695
550.2616173139266 977.6191002740778
656.5936866297619 868.5450261252275
37.55377805641753 -14.258284149044751
720.2743070862911 1370.9423862536885
753.8803037208911 1156.5419169251707
702.8559274621931 1159.402904826926
820.8994164228287 999.5903890488822
619.7868336894142 925.3557085053259
123.42014248606253 194.64806700771976
434.50738382652304 771.976317339679
982.985262318149 1161.750116374056
242.35215091161126 70.91064397966869
570.7587656653718 928.3072797472793
826.6231574511164 1321.1757582053776
382.001989302171 82.48912911465344
521.2155083011941 982.3333532250383
633.0228937158639 1062.110587831799
738.0747725224364 1158.2885106037693
474.5665930607491 798.724890529436
240.97711745702728 136.87047018273964
185.15540258265816 264.0652935594125
482.7981022086963 899.0858063076472
791.8148948272018 1109.2888630051395
414.6204748165916 62.846575836524984
697.3930810518128 1139.6421339425415
402.19912722977205 1022.4774284840224
221.42355606611181 23.98122818374351
234.32323827430577 157.7766172210343
441.41309125796556 1008.7561140058921
688.2345818897281 1067.9296150315663
714.0540636527584 1053.3115975453065
718.0876881402511 1130.1980529805976
496.8679812523181 877.0272368921375
379.41309368280497 822.6558698143075
587.1730120652742 985.9790093203666
894.6979165209369 1240.7115741677674
-69.53562061436229 184.07344877325457
501.8440149858946 990.4190546137415
543.6831172995363 916.0213837215546
-61.832653239668204 164.45008075491486
552.7548740299185 1019.5905525548708
436.4285445581984 766.0016779135884
307.366322544562 202.65661081674574
661.4993247530816 1034.1141474149317
383.5743195984394 13.028357163288268
583.5816126923755 1240.8496575022782
432.9355008948785 117.38482040616817
539.8322584276865 1061.7445760801606
360.96134213105626 -93.59825544517827
138.38061632577168 -107.20288401945628
245.12818672181942 131.80171040620465
499.35468618565966 846.6347079285306
688.5074376928568 1321.9555313825217
260.10011720700254 -21.10570054898616
831.8604618234774 1266.90814677355
408.7366902128088 1043.6914490644704
817.5599074098968 1070.5650350880164
633.6815062165253 913.0289261142327
561.6592317537751 1101.673946303386
75.02823349984052 277.94155909113823
380.52426687511223 915.9433220101537
363.18815811174187 805.0113625228228
61.40254928584055 86.05824595878278
676.7280631507656 1244.4709673716277
406.61781429968846 46.959599850274735
627.5620773926784 965.0700872762299
336.01504095268456 1050.4767101117438
131.51133971178248 -46.94057909767541
158.8079263487073 99.75909803440601
703.4920362847924 1254.141337721926
342.8402160768285 964.6154545551991
68.41791952542259 39.08640246244057
487.2895568352861 1055.1997076322693
819.1455361368165 1320.2883824365283
297.8280657636718 1072.0059668320937
90.37660031635095 141.7534369048297
951.0271106455017 1240.6113510218408
669.4061891435399 1118.3052115780913
200.03165497162752 173.82921655207016
268.36231405769297 1104.5393965547767
600.2212260475351 1207.1366327816759
677.1719093913765 1054.2964723903685
728.9744363444123 1208.9526818697423
413.47362862909495 772.5090432588108
417.49348751198727 832.4815555476041
486.3516822964997 943.2057403367664
688.5029254217603 1079.780285463513
674.2764809032367 1081.012067372498
804.242513022584 1077.217667689436
295.1979131331077 941.6218039875316
763.758116557457 1219.6312750738402
650.5372678540937 1053.2252245652821
147.69872580509298 -95.65794186704268
386.7716709240208 203.1739390853829
476.1443856441407 956.3865828840865
516.7676104143035 958.7051066611966
487.54099109362454 830.9790570823467
518.5799282856847 1019.779775770276
318.7533531456654 131.70614469234027
926.0167314739564 1313.8826241010515
99.13176285442152 246.66332500667923
115.29066883912056 69.83708886785246
451.81137284420333 1048.3414348553936
218.70097900023563 40.84358049131953
827.7135948774338 1087.1463914343256
269.59665960480953 140.98411153050665
436.20751492139954 17.13794154799401
390.1696536205402 977.391219472667
562.3364615164669 863.1535689709542
352.83910444999657 155.8196035563651
690.4827654910499 1046.165232371482
274.87149100873165 54.75004911091086
453.2966330251981 935.4143500645692
520.5552329027707 859.4104962950697
694.4284297456393 1096.5047967803553
457.3811293080193 1045.4599067004915
366.15904493012005 912.5824733128012
232.64726004563673 1012.6867425390558
780.5198524007077 1015.0805298561696
342.1956413058818 4.529537772323378
567.3686299905156 947.8781862818389
630.0178365102422 1214.9095024740316
908.9890770208523 1332.9812846148484
216.11067056183458 206.17730228286214
551.4140385691337 1011.8338500122101
804.9942377570859 1175.2169245563728
246.51919772784942 113.82413199224477
575.2024675374411 1135.2889652956524
309.7369751896987 53.51217711759089
699.4847779219982 1023.6124218213238
383.3373161555466 288.6449477579347
362.4688167283868 1027.0447625011097
531.6321540236719 1309.9853580540696
921.2873012378566 1248.4477007136895
549.9240497934219 1062.021630176683
379.9179599122976 11.175857973691603
219.6063442031911 4.635089521093139
187.23068539729692 118.9148446493116
395.55247357812334 1058.3937599720448
666.2739537898317 1258.5694612114773
105.90144411208644 158.05425728018048
302.48130102502876 91.58367845167794
477.89641006955736 850.987799977653
73.28722233999639 281.2042810617289
726.5758945038565 1234.3370718295257
618.7740719948947 1198.4058636311656
744.1741230327907 1177.3644910469488
206.37812365625757 37.006797819448664
781.9262995542232 1160.7164834436655
483.83598931214766 853.6040617232816
677.7525616662764 1126.123523512885
616.2388541956203 1048.7553860107987
554.7354877601795 964.2698514819853
759.9643565711846 1010.3783089814995
346.5539289511171 111.84304606485522
722.3303389723611 1233.6445434868697
532.7225022397483 841.7512247876015
840.1697487601729 1112.9348809719863
893.7584122132956 1330.617155459092
5.215785330326641 98.16053865231581
515.4617458375071 1112.947163161888
770.8607112207799 1183.4639189544894
333.8339950240996 964.6468160836306
800.4533262779627 1133.4520609547774
874.4909551822914 1078.470779141145
108.0865191982735 129.79987122729028
639.9285553040404 1051.610969401782
122.55205066841233 194.483464924473
171.98391396597953 -20.607874470449897
259.5185777986 204.68845747175345
745.506538762313 1189.9942103315218
660.2625443590598 1032.5354541316883
147.16507409903394 -129.79072437243784
120.27140236368423 -170.65916965194813
778.4735883139152 1232.8501871995888
107.21502875976832 184.4739415211483
917.2856670467676 1202.1852397829991
839.3496494123364 1305.7323243799742
398.0573403624635 950.270468770302
637.6618254120953 1065.4268511976863
803.4076140979955 1036.7250280317824
164.74627395377973 11.597218095968529
704.1947675664707 1220.6946364737646
786.914070059053 1190.8685859883776
559.9971230681479 1045.961796164941
253.7121082019342 993.1852390478559
188.54292663583576 51.29106799610343
204.82093518044712 -34.95817324340108
304.69234853298894 877.0016594897808
535.8767900335981 1053.8738649784011
442.4055222318723 1017.0548386521382
223.03718723435205 1117.6764846722003
882.5869086828014 1080.3661396811742
571.5853478865452 944.8079568648647
689.503542577436 1164.9904957802087
433.48469751403866 859.2662614820223
705.4684817707428 1166.387645524751
663.4572072961033 1165.366302468751
948.7211025204479 1086.4453742698122
633.6758294721396 1340.9052575308112
979.455510084255 1172.6879983903564
391.37303460273466 831.716795199709
82.28515437291797 62.729652021329734
395.2706349358409 823.8601767069376
703.3523454246379 1310.0158476761658
44.824819295162754 -128.3751299806554
842.9524887026708 1142.301224997881
765.4236605844859 1454.416568086454
166.04835661074736 59.321216731991484
81.34914638196906 -127.10758421555306
614.8531630463026 1047.4355844270217
12.036682906106988 35.42254415783698
582.2166631936407 1056.5563669928035
223.68490066374224 260.0824910680183
314.1429104624139 1005.8586518185846
819.5287298996117 1088.5339959685389
651.4117314486309 1097.1237992775893
587.0040768881911 1099.8368095987184
176.54668862483783 207.86927762339735
254.74518446306394 92.68971935219145
250.52096703525703 -63.441406747424466
617.076645179878 1011.6150727405413
642.9133042898119 1184.041308466408
476.1658677673346 1022.1675480171665
763.1019361606332 999.5962379636536
661.4877134964129 996.9835971703995
560.5681128746112 993.0343729671708
864.1564554345376 1011.1765393996676
238.13445824600998 74.06906197558888
23.780757209257636 -3.467183006195126
602.3066486804121 851.4880200905019
241.24323605023324 139.4122314217129
488.30549351891005 920.0542810541957
480.97912779455453 965.9742402910706
290.85454855935257 75.73958455683439
364.044236478712 989.7022086557638
771.4927085485192 1205.5051217559771
347.470189595738 1175.229538145902
228.17718322078798 9.325435423184981
907.3085863782856 1078.2722951445583
281.7252207703227 841.3212659188764
569.3803801780763 1116.4802433054601
266.31427424321294 52.522293017471995
582.8262073983601 1221.6424609518035
758.1984911868338 1220.9284948604675
204.07680831588428 984.4608768002531
812.834391657274 1130.5746461189285
728.0371434328897 1215.7165363952438
759.9679558146643 1187.0769323413888
329.7067145148608 1011.0873116857468
701.4611635623887 1276.786814539146
718.4474576912176 1160.3107297689976
178.5593561966988 132.2530526592327
595.2853023962796 1014.1472259344885
765.6710352530827 1103.5559427589267
728.6591795311252 1163.2816472140705
591.2282918452406 1172.714141713663
246.4522394155093 34.37702872934023
343.50393080445747 1083.7429978987388
510.8224341752672 908.6903026053988
88.45549363499623 -12.741753308393326
444.2806736307123 1206.4317566704597
330.95855553352413 949.851735894913
798.3448921758607 1318.6420416578549
283.8660039691559 741.1478622102939
852.0294800014974 1202.5587429280524
390.14204288094 1155.935142963838
176.82328089142695 163.02407077153111
325.46224499408316 1027.5259118841263
430.6781225167228 1054.2402980627376
239.75621759607625 94.45464465833092
736.3665508378364 1245.7126118199278
215.7926218250805 180.3085859196642
226.27481223784264 23.78245981746988
711.1917669409586 1006.6705258295783
718.2857388828884 1056.7706540064378
184.82774182755838 936.0457696560312
869.8965183643095 1081.8672395605988
593.7616271731677 802.0585044851668
143.31911559054305 -17.969685182799438
503.3394619185389 1079.2675631733616
148.14099439484372 -22.85389816006639
171.29755545361675 11.946878433700352
815.3356500095616 1102.3013586845727
683.2996614171174 977.9467779496816
646.0165619711875 1139.6145505339755
559.3539765283325 1016.5628401614958
1035.930590894808 1167.0936774076192
113.80051344270987 2.378609954611366
205.13146568670402 58.08778143656327
262.2011968531047 54.54515296147615
49.187437795269375 87.48645536628986
402.6116536918109 893.2617812041182
514.6081333621538 927.8720750512441
684.3899151378436 1002.068789443825
794.985452801817 1127.9797275937954
744.6006309792183 1040.6795843903205
800.0564062379302 1203.3219762465762
328.35071388919505 118.50848298897725
374.48679076952584 29.51539426631058
478.2952039529903 1188.4491716482091
337.4847099189487 1079.7358613962617
892.5146403236314 957.2136137799005
-129.08469032454664 0.1941645795277435
346.57784515673717 1091.2269249899
661.638666795316 1149.4747862491913
846.0448257076212 1208.0924733501781
812.2478217700636 1313.1333966073676
509.5981333468052 981.8061102005316
241.7012361822253 904.6002378651451
600.6318799728577 1137.208261617414
264.4955005849045 176.53261794728496
889.6579492059701 1416.883843760442
277.73647363875534 -66.63093733405707
127.37140926535783 922.5533448267606
253.47272919119803 11.851774755062081
253.44993152290223 17.468278970435573
512.1416942938753 1111.8626274417286
360.3502821461961 1017.5604099305635
232.82138562181277 113.60969140568477
536.6484246027217 927.218218696406
529.3135866897901 759.7964317241644
191.65022801201033 -0.10670128006814246
757.8271082815537 1213.8190517051312
198.83180803404173 62.08386123935914
949.2181162175837 1125.2917154791674
188.47617926092357 99.1917117145473
736.7538983520342 1101.0038773839779
639.2562054039188 877.5593378626678
255.75823605698463 -54.227021799988776
877.3781362299111 1091.4463685910475
12.57877989014308 141.13547906156458
268.4601832038106 78.07062663671702
883.9580377939847 1073.411823114624
777.3174295910339 955.7390646801517
397.3948473063985 1050.8939770864831
166.60623480083657 87.82010161266508
726.9248759286658 1121.852580462431
242.8133938442153 11.58561528147673
706.9163089772511 1351.2024789930865
280.2220315753324 2.932289792654547
830.1969704921926 1090.681733008213
786.4954229354369 1253.6251488282446
658.1951228093436 1075.9745082190354
608.9618268630077 1133.511368513599
410.950000157802 794.3226406597378
899.3363110030273 1133.2830266617746
339.16368075986884 16.558425847522116
180.4243070120528 153.87208762922816
346.2729262799425 882.9586756463798
147.99638626163562 44.36866177941322
457.4013821046659 772.6361212634255
286.79115164528963 99.78946248489956
35.24298960404901 197.6188087916982
541.0158599175595 845.0895613881232
718.942254466138 888.8762400858674
783.2476868571837 1010.9140497236579
518.9677703794717 842.2068250357669
279.79916333312775 823.8297985686334
360.13298153012244 898.9087376768164
783.8752685046821 1014.6496912868857
260.07370763793494 1018.4675999957268
976.688169780256 1242.9865461413444
618.159913919045 895.698951741766
622.8329578978138 1101.1918113380416
339.2644593349053 876.0621407185736
707.9820993201395 1150.6429147884535
837.0335137695306 1060.359576159915
677.2005462225155 1190.1357340004004
843.0653065155534 1317.869591006035
445.7596461432344 959.6889144281611
-55.92533011001839 3.8131391637677994
473.6835329502939 872.0474326786164
170.32454574247842 12.648783859590768
411.65305648726604 1055.0688821281165
683.1084314461527 1069.2149912671666
127.62109899094817 138.33192925576816
302.4511362439923 -52.510900911572726
511.69198902196865 1058.930298815971
225.9643984576456 1103.2270469922025
341.6613715242695 29.038862979558992
536.9961733713735 1020.4548378469002
724.679469595768 1248.4645671974524
793.8729225017895 1108.6949191714573
690.837990566649 1028.0923839981733
748.3920262916834 1303.1479530559432
95.85531030341224 133.40040152214232
320.70118260406747 826.2480619189025
657.7436588921246 1118.285964649285
78.85973264863038 122.27692856555993
272.8792036356958 149.55328042794844
208.5553161078217 -49.16871824753539
531.6679624990518 937.7569346808461
398.3963195170968 187.27782022151692
943.8538850126349 1283.5074715631265
755.9459813618812 1049.8358905082084
499.52433155342936 942.8313699545633
840.261439970096 1218.3377604485233
103.97549244491684 -329.1108941789773
392.40235835640766 158.46060114644746
662.119775859539 1218.1026021430519
727.525558596956 1111.4182693840107
251.53936945191464 240.86687530228326
804.2088059680215 1115.4032935233818
817.1400118216752 1070.3070416730677
799.8042630963253 1067.4321200712257
294.33080862235676 994.4687706914327
213.58686225368302 5.448717551456548
668.9375826301032 1119.735080244705
458.468701935704 1008.0923496439947
620.3911506934506 1021.5346127664519
562.1063231226807 846.6878246332503
549.2051680146077 1145.9053522806275
651.8454363597151 1055.6468695453925
414.6312939148934 984.8508787854432
229.98046678094352 -141.34283306462004
598.7547661865322 1234.6973508357426
202.12178570661632 170.64962611989438
164.28101419732937 63.403461787271844
27.132779994211468 57.99399252025362
355.5463511954814 1039.2149927046637
730.4966214497 1107.5492666572954
573.8458511712071 792.4484422276676
711.9238927570315 1078.0035765529951
726.2901744213511 1077.2338799648412
189.86356865836294 104.19632351810681
160.5162122924738 125.59736309525297
897.3092202653617 1322.1549531923542
725.0327588410629 1103.2955983783995
593.8932153017919 1061.6879179881548
75.51607850941295 41.7478300412572
459.7848105697607 1106.3556256625543
843.4101757089405 1255.101209118496
33.66363207551733 168.8196637882144
286.2398546699604 944.2429384453
632.142799179666 1111.4770264420786
99.1115646629416 141.93454703435484
799.859367298573 1016.4400698132838
503.97016603540504 1052.7571701899235
860.437907693426 902.3188802575428
169.92804620256956 134.65247693299276
642.0203040125017 1122.131872687073
320.38679652039923 843.0330103131679
321.19416418910794 146.22418548775457
489.94646059949554 1159.9519368255117
827.9435003794208 1208.1710430475064
725.1895518767692 1069.6564797938847
765.7787133283118 1233.6142819081788
-8.754723637363748 25.186790927533334
419.2851260015847 963.4692014711856
623.9829094794113 1062.2503842626568
336.91394129744134 1009.3051430445379
179.07529852681955 -52.82898334833022
666.655051917636 947.4944983342334
894.1189226255018 1115.9600082365414
666.2121072830183 1275.6973168791174
929.301452385086 941.3020618036741
530.4670448752081 883.2225669007639
832.8063919866879 1174.5048690737767
368.77385712552405 829.5436906538775
270.13290499692914 131.71837244971778
627.0394183146382 909.6924272793061
665.2179120270763 1087.2287853626442
427.68839692057304 1075.1649399686567
553.4577763349605 789.530384094879
245.32832835770088 12.59358302268374
798.0703196885335 1187.9184240550433
685.3624335369478 1169.454506226338
431.386288953864 949.3622864228494
544.7817111822574 990.2311900887677
149.2603194409554 26.38348247803362
460.40463594071474 940.4480393293661
548.0179533685416 1017.6435388626544
855.2212840818833 1327.1767316955688
812.0711432413481 1135.202360519669
674.3711502682553 1227.7722193995273
253.4181880988059 111.71392639592992
662.0284636754226 1096.0368474478375
-12.013852901300622 7.073292574938327
693.5204571956552 1048.599644790667
154.33747777186895 91.03647214642056
692.731129417381 1132.9192477451763
725.0254087331269 1089.53060165227
197.01507550222482 128.9489521617979
413.67489034855026 879.287341661509
405.88062350753654 1017.9536341218679
390.20302078481205 886.7050106192424
414.78982878533895 912.4048027651525
698.4241507355499 1024.8532780630703
790.6156112341062 931.7716119130705
166.21748538985545 -158.21443267600256
-143.02848873405136 115.05158735964422
703.853117536253 965.1373802994365
680.4722450551118 886.8221797785649
731.5394183250916 1285.9286421729112
293.57729786804657 13.038536572212678
648.5240695356856 989.1746176752438
126.32086749125489 305.0837502985181
489.7878719304546 970.9022296458642
396.1750093379197 1037.0211782960378
236.32325692123248 103.42926765659269
594.2471428739494 916.0297025669387
892.7386175753201 1095.9409846858387
579.135208555451 1309.921055519869
354.35590552889016 16.04560970286066
818.9601943015352 1219.3361683633095
900.0214664612217 1385.8682276815055
599.2898432804732 923.1179592648684
182.97459281089684 274.0291370496469
5.668821038506139 41.14209165419936
527.6775618668296 783.5135538519128
831.6187860125632 1133.8757728218404
814.5587664523681 1119.0662635593076
830.9423895597961 1109.311195308603
796.380516458164 1306.5237575593953
480.2072640741991 859.581817489199
686.5463996747756 1236.3473306154476
553.538560679039 1016.1203057310587
93.72743699803331 -108.62902179347236
539.1255169869148 872.1221252315914
775.2671128987199 1144.698314915817
288.2681262083489 58.902937429441224
556.3564373360123 1024.5651109995058
361.35222575017127 1029.657324913549
776.3526417531643 1227.8090530705572
689.1749878489554 1317.4446030717447
669.4240673265645 1120.8117392411827
35.800722006852794 -9.061532358698603
278.9739013492455 234.52259547833356
413.3236209908643 1020.7249095874424
183.53834692898772 981.3404960932475
544.6800173888146 1114.7164815424908
841.5651182331118 1183.4233362383873
476.5741151293115 939.3756366360309
384.866131076865 931.8148985345151
257.37567951249486 100.13592064251534
202.43099003265954 -55.05621306995428
673.293960124542 1030.9802336518705
302.25802671058284 -77.20304070609835
197.41338427490388 12.259346862777598
475.1268836389907 919.8379431180946
505.4888001032302 1313.2376821456967
245.08881483975802 -103.63879830587622
593.8319435832982 1133.8366268781886
256.4968857495853 30.004986993523286
772.472167823271 1038.6859984179903
798.9986742811229 1169.0482200455356
492.1644781993773 749.2491782689434
214.18406382146898 110.91362527376137
213.76550128994302 28.66335786782784
842.9736722912569 1159.6354903557105
312.78962225679584 -78.61560485176642
501.5566462207276 1088.1987696363203
616.2186580341917 1055.744170615841
461.0546595133225 977.8030847010169
141.74744672847677 167.0753113815578
307.7749697946326 132.14245871532077
302.0798866566747 57.43775489003145
102.5737226402375 228.23662534471677
857.2632183030544 1170.6514051112827
359.16696867274493 978.9534380151367
756.9769606630271 1059.0728454838845
82.61259243508499 9.645881094471932
408.3959236679498 991.0588120787885
527.2715312121587 821.3486413084664
118.82302428615344 -116.42349546981345
624.4511118637307 1123.811538815068
480.05555219055555 999.75041307733
338.5305024273721 149.56802942616395
591.9578096993589 818.5288025372718
671.017948143043 1164.391222152302
109.23779476206647 160.0888645072064
781.5573430474535 1121.0100797030204
815.5317895190851 1195.974978465486
442.03540683372864 994.0804734147018
247.1391527985413 -44.41564921051027
426.3283631033674 875.2976391370141
766.5454184631261 929.3137711720344
268.63901868107115 1.3798652529929485
909.3445241110692 1068.6957333970165
771.2947150076598 1118.1340398285938
201.11233956560883 101.22754575388163
81.47088373116829 -70.12081206980753
81.07869862942509 126.0600377508298
425.6153962876035 1032.180778414731
779.4310916482182 1202.076919110777
288.64600655858607 -5.35830782270729
580.7245288503572 890.6206923259435
844.1323540547188 1205.8282466654719
151.25943393244106 64.1214021130713
718.2345887997756 1167.5193044418436
920.6582633366078 1226.3154043159657
557.4295952735731 957.4582509759094
279.98304924121857 994.5070259660546
249.93297450948907 164.31170415278578
195.86377825206708 54.729643764793416
326.0442185428478 40.83221253194285
489.2487157802842 898.7329055899951
361.1914394587593 854.2415609481408
722.6593951614368 990.7452527496514
483.8352109446529 848.5069717359377
515.2289995886314 1094.5202006847264
268.37287232840066 963.1330832035006
767.1727208318713 1156.0938036788957
916.8387561196686 1140.9045890135235
631.5757302042206 1260.6187474235358
297.17026675817056 113.68863589473335
186.61763258743414 140.20223778189282
544.6421072024156 900.5327290350734
232.40387011041716 226.65181605160979
423.4910681591048 899.5582491789414
257.43477475907594 163.80898208661134
726.9901348905748 1064.5695033508853
325.44061489037506 844.0244800229374
163.03533350875176 97.19995801782474
374.73873379995484 -50.87942565459606
882.1629760984719 1206.6523026550528
706.9368807043031 1127.7529725253073
291.87355729663307 8.88213248627546
729.5881322933192 1163.0278742972248
338.5223228102372 863.356283683522
713.7867662964243 1114.9242752544353
694.6659907371667 1089.7622365555783
519.5384528321495 979.7796128641073
629.6395532979159 705.2155360253691
178.9010395116709 -83.54968837636568
809.2647800146116 1164.4152509539238
405.0505666480249 905.7097683393089
735.7595469279911 1118.3195709597683
863.6464250642314 1106.7057657565497
201.19689497912728 -1.1438352286063826
822.5432302337285 1058.3109239869207
595.7881415833517 783.2052504104643
368.23116130547294 868.6190687973701
337.2982460445137 807.0261597578764
175.7748280217644 -34.69330032425315
864.1352570007797 1056.9438604326303
593.7263977849636 845.3762280252301
542.9525796893249 812.5205991427168
931.6279251976556 1345.2296425235363
546.0305254210732 841.3353602215002
491.5657233056792 806.5194527826266
372.86556647781543 993.4768858082211
188.3494153318538 31.369751739853164
276.00358266450013 95.4012364876745
733.6384125201577 1005.6245678095386
53.188931993981086 -30.260730294868416
120.99578192927513 266.35960951269317
120.55143148885219 191.9682702624356
898.4984884899458 1202.9105331392298
121.75352520601264 88.21167055327602
539.0037967459986 1029.4656189007826
58.562089082820094 -73.22696207100644
777.6623441619821 1086.46391989915
466.0496303025132 923.4915393529338
156.5464691391858 120.80811781981171
191.3762667952204 -23.50743913181992
827.4345821423203 1268.9057657434532
393.1685797093454 1008.7334121519227
701.2111174097984 1161.7472736104562
114.00499312250284 139.97594181298737
807.6491564573939 1141.868661148303
696.0734750054015 1100.5982900371814
743.0964958912577 1122.1593737616295
243.2117099498743 1023.2311451398438
725.2132780751335 1244.5013517498126
414.22763289665517 914.2095451474579
488.90273344693645 957.0440316295648
713.7470868565517 1240.174803176291
586.8806924348112 1014.2329321204396
243.35281814416436 2.0077926166587874
28.922301598316942 70.39270412989114
386.02743557151103 58.01825464769569
149.87114466506688 76.4601048857844
461.18414320281704 1015.4940185447774
871.0215907963371 1022.113387707525
278.0127243275481 -92.64694617370453
191.84133289197115 -4.972105637138141
715.7910143845435 1390.4396143583754
490.89365012329614 769.6292948148002
207.3369285509824 234.0104685021663
163.6899911371195 72.93021568505254
666.5760045517401 1117.2574683156304
633.0217053029426 1257.976914957568
632.5357284909538 1340.413118058695
443.90130748376055 947.8953243754468
290.69998366327934 41.24551062081841
821.990712616654 935.6040167189755
454.0343815933694 757.3658837206135
356.69940004213515 56.895789634628144
155.9818759081488 -16.90415344696597
830.7206667099081 1228.15759752886
612.5224246988545 1159.5492948499584
785.1331112568232 1295.8490358282122
302.5038700366035 149.81807264758461
486.9479605413925 767.5374987544767
603.9520563176068 1065.228237339301
444.4105778255598 993.9330987326174
381.1782957029515 864.4695537968196
773.3529125603219 1253.042728918222
638.5542300430972 979.1046514207715
911.3302534052303 1126.655879192844
511.3973799347962 987.1673711938278
350.0236376753567 294.602971386366
287.4553760365926 38.038815769275566
640.1498626908959 1001.0167196621068
453.8073609793553 1098.8361396435441
575.6447530436153 1015.1188238577101
713.670415688671 1276.827174572062
686.9491029976759 1250.5178922011344
631.7658406176172 1010.2798713348678
778.9111007702625 994.5354240497472
715.809660527874 1218.4604221767902
179.32045032381114 -21.242905134914157
500.33806125865806 1033.7751441363841
548.8000052470264 860.3344392062099
735.3043471035139 1019.4720198107883
784.2872749008957 927.7360609058206
335.1899061053509 950.874829957386
285.288067161923 80.00335084346523
420.76900202871764 892.5252453068454
94.3555589064961 138.70754073845367
231.7364072285454 68.14509352523106
705.1578246053086 1277.514530236514
836.0286782294726 1064.4401944133585
454.25447767387413 896.2993026299636
226.39005023509355 -21.563869235084894
546.463770017128 951.6571991784211
38.11487830492809 37.04023759618768
377.82952972846545 993.5856034234675
232.7117215001034 -19.436777281850823
670.3132790601134 1176.433028557059
779.6021684065922 1188.6572475792111
224.54809018189658 1023.9953400104666
157.94812038005094 205.885873403596
525.4278833655084 783.3287027812643
464.03759004917765 873.7493897034874
980.1236475469773 1168.497971736416
712.0251269226616 1442.5111187019872
743.9294167058266 1182.8176362639635
219.94437248711105 167.63374868022862
302.0227001088882 -63.115293537259596
499.1067615175756 1247.8066895933082
442.4030680715152 871.1178514167325
504.68764314703924 1169.3240818998916
146.96440674801357 -45.34065821045324
671.3607539073578 1170.2238227768373
514.458426876018 990.6471667261675
44.593797534628905 74.18100394813636
848.9174942078896 941.8433005473713
901.098073767728 1082.5986866275352
411.9138892122676 975.1588867013463
173.36770654921196 72.22830859064231
800.5704803829195 1219.2486014327376
628.0181418695897 1142.8967159285282
88.40147945617 192.48667317787064
67.45797481341462 186.64534258771968
684.8351754620049 1004.3691119676575
518.4989375035343 858.5934114883772
532.7515350642128 712.4585579006014
348.97452080311376 922.9958329919281
433.9328971768219 999.786543357998
-9.195001250526536 261.5624200429327
252.27337582368193 1039.5681988261297
254.73979207441465 -34.21346375325105
663.5271140287025 1107.5603712849856
577.5019529234373 1150.0382871645527
723.1082841132986 1034.1911194825623
631.2348706370976 1014.8302819066296
887.3033057478905 1097.1053444916483
824.3437528220811 897.4264205024083
185.43400687651464 120.78334532198829
457.9315294659484 1031.5284145786823
28.555222439070132 46.59963508592368
692.2558441893262 1198.9946019095582
400.2068768893792 992.1198299877415
768.5717053577436 1133.9993480437206
712.1192594691399 1136.4301109140688
413.58457065701845 1008.2747727524015
924.273695434535 1357.5889085597507
662.9407681681275 1230.3180956578974
252.4728570629736 169.94704252466113
57.56793590350135 108.23292718494264
536.1745887405369 1039.513329329747
95.27744443523426 40.1427580963685
268.3416972327759 -55.148813486956165
248.87628757684251 185.93733578956832
373.7174833335241 -103.45189380101937
528.9879193653383 882.6768356189041
249.56293527559086 764.5062047010236
476.03252427702125 932.1412110883309
648.369390267112 918.1985016998208
112.57263060281252 -59.876566214471154
648.7093533271245 1051.3375076905659
558.4432222113967 871.7285298459218
132.4171841538997 84.88844644810226
181.91882613726904 188.10610121354412
649.3741803326519 888.6537726539775
684.3378365887725 1050.895005798921
575.3531047214548 1204.4527892845845
510.38230181240704 965.6411294226783
516.7094278723733 888.2352651909928
146.41353521257932 96.71453361399838
178.4298617205826 -39.02263813537959
513.5013385175433 1010.606050501042
764.3084321894946 1120.2394425695932
597.2575168565035 919.4415507929559
447.68024412675635 1051.247598188952
546.6542223775654 994.7394926740062
823.0348497249701 1322.9885251398043
761.4333754516964 1277.5878759248187
197.9701160632212 79.25239850626748
563.4478679430869 1105.1877907421442
378.928409189089 910.5726678422945
243.8895911616669 -76.64851858555022
374.7540151143969 -189.0438791005187
768.3174441508115 1309.2405249246913
126.42733998686074 21.487400130065424
432.9865402078482 1063.0079656034695
415.61535226209884 912.7235153481201
941.559444588092 1135.8397229575974
546.6093825786415 1220.339653340515
278.85367779329755 38.99096313745645
776.7771787233448 951.2623352276478
668.6717011401637 1063.7099967190395
120.82394555937104 95.72805481801977
492.0839958536466 918.0150372327931
716.0367568003718 1164.6067529086886
434.1120914609261 1131.5318153522967
278.1164867234028 -92.94134850079645
599.0887224198775 1243.1647592443358
602.6060958420167 972.7853593707721
386.83649774739666 918.3640569177702
583.2049077712613 904.1318982912863
699.0875173798592 1276.1942045279084
24.16215706667816 37.795743947606304
65.21303966731163 -64.18380670147234
362.2129808518013 15.760800684441051
790.9405804657008 1145.2376158738152
131.28467711898978 -173.33526276049253
435.55401205893247 878.8513138643269
818.8646092875008 1060.4361418233016
509.18389196317634 1069.6570533763336
601.518824356032 863.6137790889796
174.03870218745615 23.144707356657054
906.399746036453 1114.7270844161928
762.3526470214289 1188.6366809721585
169.40706965720494 28.254095630918577
421.3481153066634 1021.4220754668779
96.15848858950102 56.75282595212633
152.40925773039305 80.29071609957195
81.26555744346514 142.41771202038723
200.96973730252816 -108.65440107762076
110.2836914671207 -26.140978251727656
679.6362014109498 1147.3033798523747
746.363380959088 1026.6358590247733
118.75983763578006 189.53347837155422
206.72593893744138 7.396212005186737
215.70141357598573 38.852202176465354
97.84334682101657 -65.11856472655063
271.0251737504825 104.8188936073765
48.73697082055591 -22.661959952670173
876.8379379506075 1216.9948175846516
561.582958148858 1234.7266677825055
-39.641694536761655 231.14913118452537
419.7000919214228 819.2646249750428
2.063511331928713 -84.47714709750831
358.60841946367424 -27.47324920946791
854.5098173099043 1112.2407312054072
650.6196807528188 1182.7622339985994
938.9285267620467 1112.8048435348242
51.9654040298877 229.75517195818858
484.18375283664676 1034.2004316630378
179.26785679036996 -128.57203300923052
425.27191178837865 848.7242835062726
241.47565323863455 110.04794535134792
824.8086957393751 1104.0013597360298
374.8069491830389 850.5442685751856
340.0583087267332 1111.442443841339
783.0498403562387 959.176282551521
316.10807929321084 -13.2497811480299
172.24176772343876 80.45643220092711
159.79709127482133 107.34000622801405
30.87997463041204 -44.90140491230544
45.977846818007784 4.750952197706601
231.95280927738054 -76.34508002576952
169.66208928143655 140.99929850427236
418.4966883216106 108.64699706377762
731.4056477548221 1168.42112160903
634.8727658654973 1082.2455948933089
612.312100882886 1232.5789104756066
47.699485080119366 -75.15795160153206
264.70212472179827 -97.39628176147099
199.22878991550374 81.61618931226707
297.805270087385 1108.9036484595968
675.2213726183526 1106.8701065793775
869.8372356091525 942.1299987074339
892.9790350761937 1347.7915279325432
448.57268212857133 897.2199576253769
613.5823500262728 1144.281299016983
58.749332207529 107.81724437025898
488.152693414761 928.0374415558929
769.4506055524345 947.638282469062
720.6029579634293 1193.006857749916
91.24882910005266 -9.427352941400414
856.698360805735 1222.761837080561
882.3234841590986 1281.9396810783626
321.2757221397031 4.950844205844857
300.6972244051804 115.25221811753183
684.2324458527405 1251.5434070877268
165.64395213737288 157.7544826298936
453.4339104862158 978.2253519224531
745.2912496825475 1221.3277800212516
249.23235204471712 873.6500143969907
306.03668580292873 100.86634998673053
942.6610120708079 1047.431046797462
491.7276995216275 1038.540644460968
345.17012148065436 42.81526211350405
517.8833909500337 922.0313723916564
281.9544064970782 899.455509114209
327.4590654135924 327.19560924917545
164.43084240316165 -10.167760891522542
305.4006753880374 -63.7082673059906
760.288142128623 1139.5132133421025
222.7516762053138 205.66278354985096
418.4438019260283 1120.2003058184764
311.1936699266001 -11.357073325639012
102.421766130147 -57.12149116447136
297.95582070433414 1059.1780833291764
849.9914165178468 1005.4643873639496
948.5686144948949 1220.1303795872627
108.44373345916723 8.357096903153932
435.72023423612745 976.6829150426718
276.97811315379664 -9.96352830658441
452.45853023009005 1119.0047256031269
810.2848655325984 1098.2113100079598
66.51762015570759 41.58865931787484
387.66363643102824 1006.7899185793178
737.5050719039749 1098.563732151078
303.01966384223795 195.89604905096812
667.9134145526037 1174.9803872250707
337.85935005171024 -53.46166231892993
692.9140387326621 1017.7986483025246
414.8045852415419 900.5272736472978
882.4776543235693 913.6054637517091
762.1340220383715 1179.0833572219312
768.739790536663 961.8796766397159
466.16440628135587 1026.3448954570997
783.241624783264 1425.2625732446656
199.46584331538156 40.309554111607476
136.7446174757913 -64.26068877352793
306.68633008032015 -46.65706000013493
106.4291844463422 39.85573554116868
832.0698638605871 1181.6116069085651
899.431164867384 1071.281633855944
364.9240230951065 -120.80378925931397
767.5560314099529 1157.6998551960125
730.9738172808537 1160.240199666451
844.1046795662872 1275.1370698693336
268.6228903037623 -2.8803918950792124
593.9445307569091 1161.242291281239
863.5405336162676 995.6356764923781
819.2457480705954 1140.606745534339
687.016788033121 1185.033656506283
102.54824648232912 9.757230970122068
11.02423792080774 56.48424457962534
722.3653033418456 1076.0566325290804
654.3156956132513 1118.175272605386
117.2966552393791 333.9830032503123
818.5820011933936 1122.517120852276
768.3556595935431 1307.8053149594691
66.56979500825129 108.07318152730636
894.1947571889443 1060.278233612132
805.9678724052804 1148.9328611852684
365.9477982144614 824.192038584584
476.40277434598784 995.9544279203491
334.0824065901315 1103.9504483071653
521.9055640196482 984.5876022274578
657.2020792439495 1069.2138843858484
121.65751313881776 203.34172088308478
286.6591777984715 958.0243945692924
666.1600236422152 1154.3411154151004
177.40966529053972 -1.050851452169542
364.37563193688203 1132.604002993378
771.5359303624402 1201.6425005385913
87.7124635165846 152.35665563224788
261.202801837247 784.3389462325067
250.97573562639738 965.255444338967
281.39365799289027 972.9965859305642
110.25082165941852 139.94849779388778
351.2138871058613 71.81286427473104
343.9836585521799 876.7749579670993
632.366445599242 1105.0122999899145
884.3024412797854 1307.5447855158934
627.8509707582532 1061.8538479896345
404.596705048118 192.7135990799259
262.9897829125635 55.120200814751556
367.1079056069219 937.1721493614201
213.31152971622416 1049.799210570258
298.645375285687 888.679719920078
337.09688926835753 227.71975893455883
457.8143014565926 975.5546979156993
749.458829483276 1223.053005560025
148.8992850248157 177.5063729522185
236.18373809797063 100.52341375200069
395.20514695901716 948.95940323943
548.28192033437 879.1808423361508
161.56753317975665 -41.85472516395013
298.1842584300841 -45.587094407566966
306.6912969940631 776.3082545365194
791.1866425629632 1082.9548446793735
555.9869452171723 916.2153758195859
855.238754619742 1167.1732593439958
650.5854573616326 1232.025112659991
307.3875965928841 197.21625574284505
62.04403708902963 305.21950814364766
313.86874649909663 1070.744430786371
444.40617741811224 771.0606613294009
612.2486496535132 1361.2727709329095
372.9130197636276 814.1341351896347
504.60719900670637 1052.780306013404
406.11522223820646 945.9261965612574
414.55014367326197 -44.73513286801424
153.03094082019885 264.33957374472976
191.60282314218153 85.1424626016871
168.8043450879018 120.61736850870992
204.16239764602523 85.56455560090674
213.09273056192862 -26.422243811602097
738.2387289868088 1099.2865368933763
654.8843089839247 1171.8111874702265
9.746329493187353 68.60348971930479
771.1999758716529 1203.7742440710144
564.3368282637807 946.2491087326999
763.7846649373212 1166.1009524204317
335.89236869612546 1053.4516728486894
589.1655220849041 975.0827011803175
264.83262637249663 187.5883521646629
508.855098868077 1049.7444632189925
601.1572261210291 904.5010478326569
461.3603093980423 1118.182978202518
134.60735246724462 100.7474624370462
269.8870656082424 112.12367306554285
284.88911374658085 137.59605287406845
313.9032769684225 -47.655242819242375
650.2206184162732 1030.7956275889703
498.78427717990485 800.7821244093184
770.4604488464453 1257.842809279097
355.3034282011214 166.80984488194022
295.4855805320393 230.65221297890685
324.0197217481227 68.64196327772336
209.9685419574692 62.220210493896005
186.77960242432786 51.336090910035395
301.93931796998316 -2.6091318681569193
520.6539471948884 848.6993166667913
505.72285790307666 1181.6854806546764
589.7164052631355 964.6418966585492
618.7740719948947 1198.4058636311656