953.6923948012462 1328.4650330907095
69.16984153633462 1105.9786784709902
731.2980917310481 929.9806322300849
682.4080299051486 520.7209668060932
339.67686002812263 823.8714855807438
508.6412084893502 357.6589116250027
984.8227821714817 461.2329635646982
1018.3399383901593 152.85713886079125
1157.492111755094 539.8048445012711
-5.735964191452472 1351.3416767026943
805.8139622138256 1427.9627056874244
944.9264801740641 1478.4699914355645
1553.1787199025111 1223.8535210237421
292.26108902877894 200.22643141075744
847.8203453057855 1493.0663503276635
1365.0058236915204 1189.4761783631752
856.1874654547172 698.765619780657
-118.93688123865867 77.13505053109768
1264.908772184803 1278.868038276537
1134.2928010676194 1252.6282058215702
690.2831487823935 1661.9026897565693
689.0836426869666 767.4502054745496
585.2797891633902 597.4634875160062
638.1328787488368 1461.538258872087
1144.8448126254177 1416.658790912002
1369.242886177721 188.80483246154571
120.00712058467165 597.6877376786957
1288.0791980429583 715.6489631238094
989.5716991032334 409.71907266948335
840.5418474635997 65.57549920467369
1414.1163485308239 1116.4121970238925
828.0298319368593 278.7108784749741
1334.6202558646532 117.13400996463831
-278.95845748129034 622.2404513511183
704.627524100725 713.2563790411621
1203.7460569789691 1099.5937023705083
1439.3010795450762 -190.8715308071965
869.9751364262655 1293.507215867327
1082.3696009435973 482.7023920965675
746.211528517611 -354.79310317772126
1175.6936252699252 638.1256302324507
1281.6246740254765 429.32347120348527
447.49773289817017 1225.4392556202863
897.9734583451703 352.8750972925679
1438.5455804491605 1335.4958352622784
1568.884833299793 219.70721055460612
406.3704283670838 683.4021907728097
25.682781030292695 891.5620221401552
124.71943187032993 43.8723165290655
24.43928782998833 1482.0734840209643
892.9460677272037 1000.9885984789878
896.5010979017468 294.6864803851673
251.20488722922073 845.0766808561638
1044.9316208781045 774.1452797510448
454.03610788721284 1021.1602685026227
239.69237168496684 1345.49781256991
1218.812520595282 1380.6139642724206
1568.4411532755903 46.17263784521543
304.8612914412586 557.8358949151755
145.6140508029681 991.8597578649749
1376.631514195809 223.64859194120808
1485.4470090101702 1368.914681197089
1082.2867314485798 1343.6171350630993
511.5691054596213 1138.225006503541
1060.416603101763 1654.2848027618127
1445.2676452506118 312.00815518744685
1314.0102100918748 1126.7631931659394
354.8053195050849 764.2035834087962
-150.68080405753383 1004.1553651792667
668.1789640307054 -123.8337298937516
966.9087974685211 82.50940884479209
1633.3758781570546 -414.0667577786215
1408.5471741420033 985.9151249719505
1109.8928878533757 1769.1087994853658
725.0357520073013 181.48693176673657
1310.5971862298907 1237.8905667208467
-341.51772115315293 655.9821770670304
616.3544715328165 517.5860795002679
1513.1162018985729 150.33547542049476
921.9325798882726 504.48392702647686
533.1909425113558 1178.391634390561
1090.4689466924535 1328.269728061496
246.09266822688016 140.4060748876851
258.444424368229 264.65740357376677
1195.7885437523819 1064.8372849402842
-121.63447802395972 949.7449674171604
783.032630970608 904.180623023902
1552.1650401596967 1397.6580331927692
529.365879111898 1542.7452260613545
825.1118308531808 402.5326381293854
1372.9874637009818 59.008100464752815
1341.0745036770013 305.5582233710208
957.3892384651722 694.0156118657331
486.2222411870218 24.216883050759343
-2.898606333393658 458.21826226621005
1522.7369025687665 1167.6798172039646
528.8678543029647 1358.823537472307
1288.1507119786784 680.8307718424918
528.15701812479 -185.08539075182046
439.43581963740866 289.76751350204626
14.573619542338912 762.393429275928
66.66667668904795 1251.9908284274236
1323.8862042737092 889.8733125693242
1246.833430137107 1092.1698634084935
1111.4359300880237 483.8689370039038
833.118556987258 1311.4569891558547
452.5987934617431 524.5913443428707
360.55746005359384 1362.988033591891
646.2403216858523 935.4116976806206
-230.0182699423896 199.67008958066555
415.86471987683865 656.3247264272558
770.9632459506031 677.7949609603301
1159.0071057853709 981.7955040587378
266.0931524762827 1538.4269672091903
79.66922488909194 1491.810780808751
1417.8512511735169 1225.7438664383644
665.660348249807 187.58578340579237
865.1424517467315 536.4786814198346
1061.2611129977624 1289.9485804831224
1428.4883599186708 278.60426787088335
480.61108232314155 653.0773832570433
569.2344984080421 576.505742634576
128.84645009257753 -119.27059033472497
1008.0530439900856 584.3066779286556
-274.49175290609617 1858.8632441098534
1180.5530216514876 657.7490591798468
860.6861691970634 1350.2271606240545
369.08980866100774 1480.814177391966
2188.9883612524004 1940.294664327227
1713.2174839468514 560.3745758759324
1571.5744505192547 1204.3469738960728
1041.5387793363088 59.972721116065046
1275.6445302941984 769.8604290520233
69.25325585702993 693.1057184455618
440.6416877460262 1134.8830064134124
192.46350208748805 2002.0931289366185
370.9316243369317 271.08747330477564
1254.7659719550184 362.7885419691984
20.108623272437768 1321.0075484687993
883.175596234102 1311.4010989056042
1156.5797831733448 969.4769855923698
137.7252499603054 404.1751273441366
53.87923785403241 98.6620859405116
1703.7098698915001 900.2648091892992
439.4467519437118 878.4207239225987
1089.9312387878183 625.288748670798
82.74282193629385 864.5485611163301
1468.26498339124 1037.9928802120296
69.53929911446052 208.97536581012065
1658.1766660323588 384.35563350328056
1316.4227558302916 827.0922990486022
1429.9684259531832 776.469639523086
1404.478119025543 257.6376415276127
1119.4804794275924 782.4100532296014
156.61331014713792 756.441469227395
608.1180247840289 756.6642599612195
1088.8345490875242 1410.8044245313008
42.17665617161263 660.6837502193376
868.23905836184 240.23867242295472
1372.4449479023592 265.82620148826555
305.82285837009334 1381.133763175762
19.040953420354278 1272.1452245746063
1457.3359739063699 1441.9169158115442
241.5470875267912 -276.2133960979428
674.6901937655757 1229.8107529164383
657.0421870333298 1201.098507287003
372.08368839281087 368.55462890784645
141.02536698551648 773.6046635773839
877.2884413998779 1025.5184634803522
29.08494617293763 988.2223304655535
1573.824512423977 754.5300789796258
1158.0045102853865 121.04669150193011
65.53564461428871 222.16223182012052
1385.804557684775 1049.9465044194922
416.0738928884442 1097.6048994990485
1176.2525602427352 -41.46052995973726
110.41270174090597 898.6903579857637
1025.2456390249934 347.0660217835484
150.84669132121002 1081.2654894335733
944.6313325677462 197.0320944640093
1389.4486961673558 1464.1242176116523
290.1006738170686 653.0252904100263
834.0582060326635 371.1737821680706
1467.009052133061 1635.0220660386037
-99.88464665768494 605.0477453568385
388.2951155688689 1519.7887599836645
1136.086820557922 447.2128075051442
468.3166347981127 203.85981524338823
4.213412256136357 862.0874150326501
988.3465532097101 674.198430562112
1714.114297328977 274.7096558148778
633.8690283279665 -110.57655791708662
771.435624932755 1321.8487352313405
5.5333647200627585 119.67066329249846
204.0315179104784 461.5107941841099
393.93081991896315 1558.985840229561
-112.64680158256171 796.7620333129877
-286.257558149104 633.6861221923459
1742.9122035590544 1646.2300856923603
69.43806691951889 685.4069102179809
589.1467275411906 1104.7595117503033
1883.0792834711162 -139.26191640579333
1190.439867336033 143.8741560390221
1473.779205810141 558.7197994675391
592.9392133976447 691.4144632757085
916.3837132332894 888.9021244712354
744.9955352710222 1395.8891483242094
2246.193492983635 1182.8400350027175
1846.6909060919847 1585.0870058808976
-6.289246936888133 935.7971539977036
1447.7116684669334 441.6069263665547
769.1699096077142 116.47900258839546
1268.8577053127447 959.8494364320684
425.50894150952337 776.5366088952763
1734.3801901029324 1188.4974652247915
620.2231502873295 60.60200575294878
778.7552500327289 395.2331051351224
1409.9105418132558 841.5635551297826
792.1194798190435 1175.5644655903056
1837.3565722603 494.78902729749854
251.72499782667265 678.9382826610271
1223.6288550334614 559.7344306410998
856.8399987107182 -409.9242123359952
332.24073081868016 448.40815396066705
369.8742063171483 -461.7047799755353
633.8868800528793 480.3522697607773
-178.54042637862892 -12.748026185948907
559.506582016906 -80.60375568607296
900.6016544290777 1113.4701926802322
-138.0317324903708 1427.2307799240818
843.4295145943046 2167.394019953784
288.65212653128077 928.4249162761233
1152.050060039645 1023.0952750424384
-229.00075511188658 1499.3462919983579
352.8687412443377 1471.4175532574652
1744.026666537492 1043.4224346296025
1356.5848683962604 182.103719058804
1191.178133928967 1377.2738930095927
640.7867765067111 577.0594381017535
142.65092006772866 1056.8789784235194
575.1034447152238 1538.5740383545544
76.62605526394672 31.749354196751753
149.9097620598147 1275.1650509874676
1287.3210057151705 844.4642810673379
867.0689720113104 1503.0458902965856
431.3009013823707 400.2430080180751
205.5908742778318 82.2724008610045
712.9210772874511 1223.1493119150634
768.2901479876448 945.2774586307336
696.775932407813 171.37489919013774
894.2251636445136 1177.6039043671772
453.18252527383004 299.9994982583324
718.3117471173356 363.0228644949862
1298.5493940920255 1154.6116413083118
691.1162560179977 511.8541764610788
385.2126513158794 1121.205649059831
1400.4251961376565 319.06495402035296
1207.6178345069086 1317.6032436081825
176.67250395664746 1203.7351295007213
1329.6532229153186 1108.1201268532413
55.13535180601413 1356.197533034818
34.530826787009936 213.62827319496813
112.39278825239815 939.0616339612496
1347.057975773348 834.6279838960917
89.89253753629707 657.3528381780447
905.898435756917 953.1279785121524
1427.235390060975 975.6088351379135
939.7232557590248 1477.9992502892571
462.8788946371796 1162.5093764173926
8.338183999870393 125.2589876223997
744.6223500667577 385.0551901516105
913.1242529580185 987.9491764262328
1219.154127659002 714.0937904531118
320.1450454652423 399.5982686221745
1417.9478123968704 1214.382233663441
900.2769013032456 1210.3205158687822
1130.8717439773081 757.2565455322468
595.887028244889 893.6472277455896
1611.9270135266638 268.7579617067224
225.25094908212853 800.6349443715972
1979.8309761589683 1109.0317393672838
1372.347308341761 814.0726331139007
912.4170631321425 546.2148522749121
771.9105371079831 906.955458928985
328.35704031746235 1182.126403755921
588.9521132764065 1998.1294243625748
1174.8762938477178 501.10563213391396
508.6003718470492 2311.9535043512055
-430.8208984997924 -48.26796439378512
672.9027762087413 2356.1837116051884
1449.8085878226732 491.27422367651644
1316.9742641226821 1176.7571265432155
983.787246161769 888.3462163698043
397.85480450932675 1183.6243055650286
633.8928773416696 977.3366937554777
1102.3155847434266 985.0387218633563
1202.1257822455061 -420.7041946361485
1452.1886942755102 407.2804663871505
807.0157416051424 409.09938977595425
237.05917821806293 1725.7556158692082
368.3979435569339 746.3403943289534
574.3051050956982 429.057484221134
1563.1610896351535 595.5573370239011
129.1399891375288 1122.8477139996746
1514.0602649589525 400.95313254794684
724.2217215286204 208.1799293059702
1492.397299594236 1247.11299239976
785.23393274234 469.88435691250163
1412.6743464832318 437.2768260479585
1493.5998670512517 1395.503996495247
1348.8776904787394 1009.8551068112122
491.17332158642535 1279.5594494681816
1145.6684744604468 1531.7930394027096
307.82309915778825 895.0177644063256
1329.1037277173293 1037.2799495131608
751.9092372309674 1920.7337875728363
952.1496870799277 750.5377511970938
1349.0275281555494 1049.3592837895194
1065.5780610404033 258.4821993139277
-56.208907115516624 -188.69310258355952
875.0291954082072 823.5538101288772
858.836968804663 380.735426431479
685.6752991512692 747.9376292371078
195.28362898326804 585.1873180888174
139.80780491748823 112.94214956634549
1391.3672245609637 564.0921183457008
982.3153451628679 1427.5244499738862
806.7149497716804 1230.7079757967904
-397.5735024978975 1181.191091390454
951.441879760142 1070.5984809637196
747.4501002361471 257.7715051819831
591.8931841058409 1159.5365629372236
1692.8163725636448 1196.2531646173802
1138.8318891270608 705.0648169941328
703.5032284625624 494.1380457508164
1402.7111256094731 102.87186256206857
106.11146986019598 995.3291597000451
84.83352529614146 410.0736341767957
1687.536505569141 1139.8740320484594
134.40551920183265 1392.3689198707348
1349.533258627523 72.41205185865249
1071.963874838662 187.21228436389924
699.7398761999618 216.21920290843374
1255.7075959679082 396.7800969986974
703.4022449157499 1573.1528097612259
725.5476412347303 551.4089459634546
-672.381636588482 972.2357259790579
1069.8740921019719 449.81413125529383
289.2112140859528 1516.8483688975432
478.3265722551679 958.0079629987802
263.96049163340956 315.2166328905815
34.164601678973995 1568.4271232024664
1020.0460557990277 838.7262792672782
1406.2078424007989 49.561668206586845
4.851612207867918 961.9109488872089
50.14265426949114 646.575386817015
601.7157820010635 132.34392703925008
479.9528459358926 52.5506607023902
1559.8385761571942 663.8241678780713
618.3056284166151 1101.7420155699267
1309.5858079609345 508.0654245800038
112.39266652111414 775.5208173612034
1057.4547183005554 1375.8877025150093
1531.3062437851572 116.4427978157583
836.7270713181324 610.959760514798
283.7054344668477 1299.266915602449
92.16456858270558 1556.9019118978104
295.7822271800419 1357.1623226403822
752.1057316561104 690.1703972155849
901.3820059274761 506.15311485746446
788.5139258033349 901.1306003451882
1338.9456906743742 710.2303113726801
693.0920178873623 371.1036276607812
227.14037324238495 703.7336006842279
1419.036548425765 45.843546601864794
1554.2976145371088 742.1674844811223
1318.6818181950018 1492.471631782848
887.2950248133956 1465.4010007121867
1040.0187604578186 1235.5413702246701
659.0478225444795 809.0123004931903
1007.3867138359376 1479.0580042678732
188.99071261599005 185.53476132712944
1881.0020797590646 1681.4110845623673
481.61748452360666 1315.459124591571
-19.341196555225356 174.6255546914909
870.2445221787951 764.8878999493678
830.8755618102837 348.32564834186127
927.3549573385268 50.11670282149268
1441.69288911711 112.2276607539872
252.8867974098074 1043.0119744414876
801.2524190719503 1046.759916587816
1139.3129771725216 1393.0867606195384
1274.6289276343516 1573.4846706301375
446.7914891436254 27.026549931324023
1421.8655205644814 780.2223723306805
723.7290219023203 310.1103863464518
534.7599628677327 609.3376763370529
1360.4974413604557 1082.4186657547064
596.5857299624766 552.4562950202333
672.2214460994376 1162.8129748883666
1460.620516629992 571.2258858907486
556.7091042093782 818.2362913324458
402.4547115849695 137.61172546625886
370.05042826521617 1356.703737328075
695.8036406032516 229.5290171457513
-589.6030658459281 1278.2441995487904
1251.2787251421307 405.34986422466034
736.7245545884833 39.55258432681539
423.645740060646 896.984498926657
1417.6925086725416 714.95898922803
1137.013900056362 1507.162755027828
507.3405365595667 643.7524590267095
582.0928457418217 1179.2609054530733
919.526275349644 1355.8068147788988
790.5395884923399 570.8223360867613
502.07305052830054 199.62051973609704
124.22446328151864 355.0097380508157
-237.94361548490545 692.1208253810983
-424.8967943737723 594.7795984376322
1520.6897388846376 546.725519675167
137.4181280802397 277.6040247922667
330.23107199575685 1407.304737608668
352.71741278367324 969.9617659479516
568.5088124485139 978.4205053946492
656.6025827587558 693.6699577516242
816.1569887775828 1483.6516959861888
467.15981499260187 1427.6431311863641
1417.9935767072611 -130.76010378714514
1155.7202672927083 72.69358345048029
803.1271297548128 18.18652203663114
11.918513345025474 1286.5643744807649
-60.22366864956859 1339.4619854208197
944.5203386778368 285.3078282606737
1337.1232959047366 366.1530619267569
1244.9173044402005 1034.0003165688572
1343.8729693531407 664.3523137904232
803.5628018987957 611.1538190146674
1178.2261643002696 1053.093446717918
1051.235386488985 1671.1595637622981
1027.642895626777 1147.863245763453
1003.5273554387205 405.2918342509718
85.13917819616614 50.614170300780565
569.0924037444927 1338.5020275703484
1281.9142348398686 1473.2990068477056
1344.4435686565403 2110.0906754451753
787.5488126129416 1531.7849978256863
337.7165758401236 243.8225454981301
369.4856621852994 744.9549391876421
1082.5976359705046 681.248997510441
1151.261636196192 973.3859744674277
-513.9940620648066 1818.9038743789697
934.8789283381446 282.6057623057024
1185.8293409238643 726.3377425328188
1363.9293152934179 680.0167423802361
490.1911258410815 1034.8281836012293
621.4201366058322 194.38597408152717
898.6453095538736 63.53388603118333
1383.9034698821856 791.2267347606468
856.666180879666 1825.8164769118305
354.72552965424643 729.7275071322546
73.11236820377444 901.1048237603505
758.0245923391435 79.84728343916979
153.32309648274233 1465.0522992904432
987.3672794688489 1398.9074050319193
90.04994166171029 1018.7556613383714
876.1110130558642 -600.5158765431701
126.79583997355678 284.34514325804355
1105.3032283801197 1533.271483488335
940.7211310058641 843.324920471146
493.5831152051667 1496.0193305496132
1063.831705272019 331.4897452241416
1417.7177172074412 1165.305313706243
404.7525443059748 909.8351751558203
1523.675571141895 281.15790880176155
843.4015378134806 578.4352697370957
420.52178115924175 278.40395902028473
1355.701460074226 29.422069047701612
377.6243185542017 290.1717424780968
308.3215519643267 1496.9551868443757
434.1025713435554 264.70478431525584
220.29201689675332 995.7425185227901
1424.5353128608308 941.7572891084718
481.90191754569867 728.7643759542592
867.1610771068245 1464.924522808883
455.9466350314045 358.6097106414088
1044.5712568973465 1123.5943575171464
1803.5716528343883 1757.6435504025383
-63.57662854147252 1824.7519085497854
1045.9829634226228 685.7123328451565
1421.7455934793966 882.3792665569716
82.08773249998032 1433.7926323562863
1206.2523977224641 156.55127550383907
735.9163140803552 1091.9508301355527
821.7380871746813 511.788045880847
633.1333233801049 511.88682491662985
486.37978090315625 126.23096662905833
227.88151517697202 1325.001122824526
796.2783306803418 899.9763707533323
725.0666074505211 1184.702319710835
914.5729434473235 1211.4840997287315
692.7564471595805 -314.0431726743683
1112.937745311379 -507.01831583181473
1366.6350334560789 924.6241790528577
691.3310409534465 1257.6542943561437
631.0307229441014 969.9303725601978
390.5792655107022 316.73233847329027
550.5599665864887 97.03711580287792
529.2158500347896 496.64028449341504
891.7165506435143 1244.77509447486
1232.5519752078253 878.6722309410345
883.6291834889836 738.0209518948336
1160.2565340490848 327.4434834245136
1001.2920518968565 35.61805945584931
1452.1084376713134 1455.197443204647
55.42986428341191 996.5061013720436
1507.8881445571199 582.9546812889815
837.0743638408669 896.7755344446991
582.1003306152521 -82.37545836488037
1253.4567591011864 420.27334165861845
849.7278383531587 1503.102375013743
1070.336470528323 907.589284319557
508.660512118446 1310.713426172022
609.2018262068287 346.38583086185554
-44.58031221060231 1664.1319139041075
510.3407231894436 385.514995015799
837.0841596603683 1180.5036494059943
1368.6710187237572 143.32469930798024
-37.86669344211195 953.511634423056
892.337681986037 1360.696544574856
997.3157342241838 883.0978085927043
19.041134667973424 1998.1028467394826
186.4161515535368 1519.7719990135627
1013.7275136945173 368.3040709017628
205.74746300960686 1545.123109442892
821.8401701289315 480.09268399601854
497.27368060765383 724.0569649308208
942.0263295068171 772.5665085103607
1187.7765516043564 656.0336431388882
1626.7106891971662 718.3378591790209
457.02228366885134 1361.6383417296552
99.77339353913565 -67.71237007106825
1162.5973449552307 -418.07952983366044
-342.7789347700306 894.937967934215
1156.2376369544752 1154.7852570476432
1101.9002977997702 551.7516161129032
158.50882624348205 1046.886609800363
758.3687159257563 485.7277046331305
1556.231783660221 177.42434224802798
1483.1369560097232 1074.2039412989118
1039.5930140944097 812.3234177299289
-0.48699969362482953 1715.8511640584434
927.9931761633324 318.15048803440044
1126.249641578428 1445.9241966156615
1503.3763798245106 1328.8842622246366
417.98987056727475 10.094603143342816
281.9398025244133 1130.1852759698832
663.3203708013216 231.07250528196474
961.6567247886314 1091.712210209163
1034.0315315103603 1084.074238080408
-179.19969612061277 411.79926796163517
1237.7815450211656 1353.5490866382652
442.07028347508617 -585.9552639203908
1520.9366619898535 480.06676113621336
713.8231916948682 922.0331384018583
1157.3843715235612 1091.8384176232407
1146.1565582627884 1019.4110962968972
144.09871139206828 988.9605656572669
812.9369216959731 166.53411135170117
1100.9590048250277 704.5555800087598
1649.6388900436416 1828.2184102568015
638.3324007438982 1461.8917749281618
857.754570347054 409.0873775543056
676.0093100316816 747.0636392337556
45.18020059597936 1479.425633994665
1160.9180786826128 1124.379635436251
1062.6464866769159 189.31660349347308
847.5230177676427 187.72794955432212
192.6676751420599 771.457198077874
844.8533783871146 71.0322946149472
1093.239049974471 833.51695268377
1496.3779490081552 1958.9065095051724
-476.5684775036701 622.8908938824204
1215.1575413080593 1188.9801551516268
1524.3345089537595 633.1244961548674
483.1223345832854 832.9312849078747
1068.5656742111116 1277.9093733113054
1478.321645120565 973.131839128479
1372.3115355121397 863.6449858891483
1723.9437804274494 1261.7725176146976
732.3988392612645 693.2507238593676
970.0358226034035 905.7041962440721
1050.4357965217414 67.49520235522075
430.57371938220894 38.00967160478689
4.200737851526546 868.8044791993917
466.5247948762587 679.3379922405474
981.658955110069 556.2225283821527
1330.7586847323084 1482.0170704735212
1081.9257662307814 27.156113662287275
1324.5869724712666 -131.9518042317928
1135.0793699288595 198.19449800591113
35.08435701740273 1579.7748604236224
777.9040268896014 31.861989632288648
738.0102645729048 393.0381733953711
1156.4481704437856 161.42953379344695
-44.57120771695454 1274.9176640504568
1372.5951003109794 693.3589408294079
1302.1712909878772 588.2040801293311
449.27970622286375 740.6903307108506
-496.1329816700498 -292.1648919501616
69.70404036564578 456.4045814405862
586.7815020108222 1015.8274697190669
728.9172826899868 1338.3304158114074
400.1959821594959 736.6615678220211
761.2840920680727 568.4170744864439
187.53848652574854 203.66736129899013
1523.9780016071545 1103.5078358412652
483.22135191638705 191.11667720789256
1411.3860650884487 324.9889480679314
506.24292264497996 1757.8050395969476
346.2610637667418 1081.228119915831
1496.1668964582561 1033.4841831394056
452.3513464121128 943.4023736107522
166.289019124818 1529.1190713439798
124.22850203549173 719.8619114380839
768.467573322994 1463.2095172677314
115.77364894896748 1360.0168407387907
1200.0107177435843 827.3382464052795
1396.0461152212365 1258.336753616771
978.3488502264198 1045.4458510453862
246.14777509188806 916.7275091510963
1539.9630336019814 1220.6088732513974
211.34069082999955 1382.801978748461
1559.6395911656293 1461.000654534719
887.2097660636325 256.8479923122099
410.4132631346344 586.006046992098
1212.4471237333698 24.842640468317914
1277.5646295536346 1059.9582782556001
197.0719422841937 94.20210060780109
627.7182018513823 809.0399336549044
943.5259477118727 15.658484595658486
785.8944945190091 1012.1155187659093
301.2171707710245 134.2517237766833
955.7270793527207 623.6265419239521
901.6386837900288 1274.477121742364
1330.0568317455532 1544.0397028093712
944.7389355634829 825.8577805437391
740.3227710702569 216.33617845267634
317.6731700157808 -285.38720441857646
191.7319886822494 778.4845187363081
545.487850668747 142.42208938570676
1473.477415419792 1134.4223536035754
541.2578257523504 738.6721508561317
-517.4445765033788 675.1928922930922
128.9492746228979 2052.5427026092248
1072.1117947232237 878.6005093748421
183.27754203181274 324.6360559200405
1557.1831916036488 1470.6449459889197
988.0196316623095 118.77023746079172
1304.8092815185844 968.873842358183
204.9400871975204 1301.7916459706091
1311.3403723958493 1560.6168604933189
909.7531477965568 1771.3328017482115
1433.4524559626595 1763.604189178715
1759.0692833484013 1895.9209307873932
1219.9500120867306 99.09477043698877
1409.2586434500452 958.9334771613051
39.76331476342434 1049.4643439462272
1713.7552214844563 1618.7267034625297
1559.7995622365745 1492.5834715231397
417.7726310210662 89.64236002123057
588.8573658797222 1059.284930846181
1354.6197847002527 627.1304870975413
1763.2286872367742 1281.1362478341098
1877.3386754303633 620.957666504673
591.5237450165721 999.8902042047253
1473.648761799111 942.8360219583903
215.91142021610884 1339.2356889651094
689.8177075951814 538.7868526471609
827.1666055438543 588.5016261971125
732.3894091223251 622.608661315279
1663.781987302688 1447.0143007603615
653.9410885817415 1167.1637853571658
105.46570574625999 919.0789946744042
1105.7559707458138 347.7872814912515
1201.45622208625 869.671884981872
630.8519876522354 1174.3582054730325
711.136131500892 1045.5524885805678
1248.6195425479245 1535.2539861972625
248.00866574290373 815.0286365340382
1210.8281712898554 1372.8866707014195
153.1215563856665 1363.5868940158425
80.65560436262123 814.2565893566996
255.58508906980302 396.7367769777916
1060.02500633086 1814.023283448876
1414.6817332517282 616.8497993680701
627.9434669086141 366.5218301519814
1030.4259103577156 149.76495635428628
212.43798298302633 791.5705173150582
1216.0320140755357 1245.883864708607
1153.566894937963 695.8642762309162
-386.6798334807361 329.5901933463573
910.4724874901918 1504.718736376742
1269.784832993829 -159.61400263656594
729.3764764666984 275.1743999381022
-472.02308016430743 678.8024327040355
542.5288298027784 524.7593536469664
-123.89432763261854 451.8092416385083
761.5944681686901 567.5473265045491
1347.3845892616887 409.5923486178236
1751.5329027886808 434.2962531865567
18.494269302933787 632.0882797330863
694.9016998721687 508.6889438756208
1490.2608822605016 1396.4384966246325
367.5500311112106 1032.5517377446097
434.5898933395213 1641.4214898804553
1196.8681240213998 1224.4792587694617
917.1443950787559 1296.252649582643
1483.2449095418037 142.2850434549172
1140.8984874496539 1212.613964475141
749.3331400261889 1092.8402253373088
1328.9357822126026 1009.5622030277585
1293.3437296779662 433.9182162762782
742.1733981301475 989.3677010863762
371.5268761092839 654.2867820747884
635.0576204981816 862.2730375303388
923.1142408483338 452.2714668683213
644.6835355464978 1581.136055997904
1162.2226719667822 189.35661652496455
977.9410664496987 1553.372959692691
49.563981629487145 133.75458534323457
1778.0952329563804 310.09757650176385
1658.2307789158942 1003.5858074203404
1919.944893258496 680.8923473297754
911.7214449406262 803.2137309242772
888.5372451237268 1338.7074287779124
748.0030610814724 1361.629764756411
1787.3249866091426 992.5051538776634
1092.0423339425677 724.1222177663096
14.313632962286757 469.4613836934999
1332.7664222773674 209.59076420385082
464.79026901191094 456.1711097945169
435.35318346924754 1264.8508867547139
1150.050671122829 318.8553640465824
1319.5599318995676 1494.8734359836915
504.88554886294105 706.6869491403559
854.8765951587093 113.68477229609272
1619.58706836977 1539.2701194030917
1162.4905343094324 1292.2635299666401
929.9917368513104 78.04004831741346
1932.9021605920493 656.2352693750156
1564.9655608620014 1216.6918803463955
1901.6077707319919 415.0507552293758
118.098284642107 1357.768593120849
1275.2742738731017 2135.3336875598848
346.649139023772 890.6464127761349
1286.023639121462 325.1205877053467
1216.2754576643001 765.1673993808748
1740.4866697760351 570.4318087612698
1819.8443456114721 869.6111963627086
1433.129463289297 664.7961318874623
39.34643535272255 1479.6974577696838
1797.397058470691 593.2082612775042
1363.1491382790653 477.0457978599131
264.66363246833623 277.5040293056028
843.8019743324754 1245.2848677737527
260.44198180513115 50.97928818924536
-289.53343068299597 757.7862980681987
746.1612194766348 268.139954056671
690.4767841731226 628.8639975608812
180.3104319472699 314.02833961612714
95.82512257491169 930.8931835248139
1556.061115458275 434.7712527135517
1322.7837878610649 290.2045418293487
1011.9913782710138 -406.82265722698185
-1.384805836843774 88.67165085397902
-165.69623966376437 556.0776225241165
45.84556533838609 151.97246369191845
763.6282658609579 934.1571959005349
615.5623420124338 586.9969723623657
1628.4983958416808 738.6257607166598
109.45692777136975 615.1647006404636
915.9780371139453 861.6664046358417
761.7016474102385 558.7176342988166
1380.2764121455275 1429.1826954437824
1228.1456766210047 269.8851809462331
43.11746830758917 889.0415815623543
579.0888551253705 402.92349039179425
1260.8985302518831 424.6609531015934
859.5107541547143 333.2995339674435
439.11834333681367 424.29644153393457
2.764890713288268 1539.8094747174239
1550.5748048853304 1190.3886771363927
1045.312507550492 1449.742010044825
177.0845992388358 1129.9091810981479
1372.344043159566 833.6563931939351
1303.8580783350862 688.0250157046736
-247.80341463813923 -683.622951255651
1319.6049106656203 560.5036343362113
467.6530321403477 696.5562131973047
775.8699061276365 927.1981301379861
379.6379829557222 513.0533762987538
396.66706877048097 85.17769748279797
855.084690480199 1146.2422837427093
346.8866279225312 415.84809335452377
1264.2207349612002 445.64475863890397
505.8389859604183 1572.6952586611408
509.0622125548535 1097.9297733629423
1956.9517345305037 719.0746622895465
1897.504741358041 202.08216787551078
1311.4716689397846 260.4225147183053
80.58709439141012 312.0398098773872
513.3941841531852 871.5472832673354
133.43723238506578 864.2145672047996
950.8934159942974 577.199561361315
954.4848704835949 418.7056547250946
1451.1720580580543 1011.0340178496848
1097.5865983689444 1482.6602081931828
1515.6870920916215 971.8260389027436
632.6186960768127 871.4865259390738
110.18675156507624 -525.371273631832
1520.871639092243 415.25907521482344
795.8966282686166 603.8308637571275
1571.2652029535477 1252.4428153166373
1322.0659379990373 1552.7505661052414
726.503219018447 1325.7332945701692
824.7944703608662 697.2948181253041
1455.4682642990388 1302.067314449944
1226.8325552903823 681.4969352291123
102.49004810768255 939.2756955568499
886.3877686124966 1536.8422103204455
866.5433631376502 272.22532616286446
77.7712351649262 1613.362871006928
947.8916563547599 919.230512637794
267.8164427958364 1663.7441056430075
575.7684212868089 142.9009771155868
316.4136728111852 277.12313790441146
-684.7889442598791 487.83538899713955
906.3805690421775 1489.301274336784
1166.4419164352835 183.78645018135384
190.78706389412892 1349.0017681880465
1460.1217029139677 1131.8671219348032
1384.7688510541393 637.6080972471995
1040.9022545619623 1077.0723221010242
779.1645149819927 1463.4550728430638
1250.7412381719025 1356.9642786528777
314.5319058755697 407.11995984581023
465.04907095767294 939.9912815166132
-555.2373682200404 1164.6636630267406
1573.2428896345355 716.9810727081081
228.9632769967385 869.5893174737756
1569.8751730151503 781.3798395527492
348.54431892353824 -43.56326500813876
235.96715831920804 563.3132008906282
771.2895761784682 1256.1370853431229
726.3467572947379 248.03514723455953
1342.0036251962522 766.7970398842506
1546.6316025342937 713.780388882758
-99.62619284793597 972.1141577301104
1416.8580536230822 1039.8180038556761
1212.547937255744 1217.7560648988576
1703.4748730127783 859.6679872975321
1024.8655680458216 147.72277459902395
2167.36577943776 987.9324933206675
247.75467275033063 229.30351687242143
135.7106489523529 1380.3127826616583
546.172214658549 467.51164536791254
1459.745877576578 553.2252595212374
338.8302932037545 28.594848599815705
1708.2351896403009 28.27099753198596
647.7284833886029 700.2036261089858
670.2431253594764 680.6340568313497
642.0308769411562 798.5512639089351
529.6906996368849 352.4165991467257
634.6888646239963 591.7497940888343
800.5186520920652 597.2299754912793
835.9359163777788 596.1879838744859
1224.2148678351218 70.39674070962235
261.9988486983449 147.00174469191862
158.04173798449781 560.1279210915699
986.3830768577334 64.36345548715074
1101.8524176842698 517.3484091203111
845.5218125081066 1348.43909746143
642.081758663878 560.8944630009353
2154.830059254831 1358.9429172441269
1000.2423640607898 62.79867826647759
1177.8952877335466 63.14083454324997
903.5107874404292 710.1455255217807
1150.178421512247 28.968345048347885
792.8989324407313 194.68120244625482
1468.13549224011 316.99344291290856
1011.5767119592394 47.54926279029642
33.15618692418328 836.490139550301
1137.6659770426143 1281.8733997657098
1329.1024609390595 1416.7505209858475
1407.4780677729684 1084.018393665232
905.1442532545598 952.630326940625
1120.942686342258 1209.9772427954747
1695.3932712065912 888.3486242862336
763.1902854860314 1008.6900903138467
1523.0467079711912 500.3958976268133
-188.9907850641272 1029.5546403988315
619.6176583947494 1370.4634436331908
1421.5503867656864 175.33227894384578
598.0702364534214 1373.5218792361222
1267.8397732033905 759.2728835803722
375.2302916382111 1113.4129636259618
1626.271180148056 1428.2710381900476
13.220540708051063 364.68577861992816
390.8365076608947 373.3712955767088
1836.9929194456083 1502.053108715541
579.541793997964 25.87528069158689
184.1720456976433 133.12733883888615
1477.0234696456814 1324.691448549871
1274.7124621080554 1564.332115843062
1362.5897275654888 270.8843557681621
1118.2801619450665 41.819666902153045
946.3954047528025 1488.374419504725
1253.791543237544 1355.1620493547373
1263.9231051482707 436.6881218432235
116.87399836790425 679.0505694760213
269.55752398901103 904.6384383780309
135.26669942994178 84.14925953354245
10.544130340211826 260.12372158587635
1159.249897648984 603.8419628585493
1691.1124031476356 1886.0171926320286
1428.0019613359689 705.5057832353117
826.5421533704297 1288.8776925186964
1405.8184749879335 349.32448316914804
1208.205715624238 1205.4308706923969
1930.044857955309 562.9441547809193
167.78507796504087 1865.7637193579926
1827.2104744376456 -131.35526538575485
1017.1899820947629 544.3589737961705
1377.3315936374486 390.03119396497664
1436.7585171406859 1471.8100859567023
473.17415264444503 1089.0005963259132
2332.6662139980854 -571.8966604110605
886.219341648142 1062.0434311604263
1279.3945684832775 867.7408905072504
-84.67607525042237 2210.5868427416667
1859.7995316041245 288.48297511352825
111.64217553173408 1421.9628963824928
1513.8663404517947 650.2566273266357
614.5396073880338 589.1524972141648
933.8390078995227 1510.6718067181002
142.58737366833202 211.04676276866294
560.4388746247043 919.6933488235454
1457.6385083868443 1415.9844096490774
-652.1345439593206 -403.84531683975496
470.8536858423561 1101.5375377754121
361.89493184848783 1268.948033321285
817.1910619917236 1510.6207323080473
346.53866179086253 1415.845150875967
50.19103405624841 625.93031810742
699.9447359767804 180.77721103663706
1381.0050863025283 291.0058810439318
977.0687077450373 386.6460918353347
238.79184678111437 798.7908260072863
57.0001121973215 1235.8308683095388
1433.5980504190522 1034.8229268573143
327.8060540326 114.51080241762948
247.27274367422473 90.68298341462382
1237.0138292401318 485.16343349168744
667.0834302710676 1857.6294634140131
415.60709266423686 524.194541148517
492.80700370135236 341.87865614758016
676.2998645553344 -255.8453924084816
1494.4106038256466 1346.5259874618093
1188.9010234022376 1062.0181601659929
-443.15339849220175 281.54718155632156
1425.4983072964442 959.8053607607748
897.730781791259 292.3499693566546
1277.5978317138417 423.03639789837854
1414.6342685417071 1186.1613323879626
73.58110244301402 542.3444791432897
1491.0290373118041 1416.807670415444
834.2747722010633 1362.29034983846
101.62356333107459 139.64199722497412
400.6181385890441 1019.5991977638474
1518.26203806507 245.65794178433057
1617.161615889061 -368.5717781301688
1165.0622166967094 347.9779078875393
526.3556172189948 1411.9528664508925
1629.2923182246748 1672.5167212533224
510.244433129354 1921.0401336024856
1231.956895055516 752.0276763973362
331.82919093993297 149.5516944381467
386.8552844054935 2117.199731538566
654.8972314416919 -19.73348291955023
208.2722134837605 348.4135311756449
-75.4657279293265 1490.477804954739
989.9790373361111 461.36520937882733
791.8481752428899 1481.9149133475432
24.54964141446794 1369.904496742803
523.231455396362 1188.2103971175325
457.39800935547083 1487.1431616789546
1054.8713990840022 219.32585027917582
1295.3034909272064 1033.7231260416731
-331.0561905217933 164.03413938605075
1393.4371748811748 1315.8519944776829
-557.3096335952004 -67.60017729227582
249.18509484823875 966.3023037547255
1109.7146965449967 443.1823690783193
1110.2182397775323 416.0924639371061
320.64986431351093 1525.8443612220633
793.2080055624434 370.63241711911223
359.236901760697 735.8362831906417
93.96163031438643 451.42288518997697
721.8306998046904 1293.9218427690466
1122.3582329668588 460.1231536588131
55.29776734649977 521.2270791451754
-698.9487838994238 933.6382781356047
369.93031874414805 350.6206756164084
950.9224351556213 751.5068788190026
-559.8266065454662 -80.04225811064686
1469.9803579999818 214.81962711996226
235.41555759120843 839.0692757864258
-109.22242514147752 1543.5861130313854
-599.5644393796113 332.25600745558023
1005.0852921578557 916.2170942841183
846.3499985134434 1473.94767289035
1326.0872043217685 246.72020555942365
1550.9815312256167 163.2492151132355
1414.4070758833632 544.5925465579777
1134.4558335525578 205.4490320514792
732.2105237007547 343.1618158997701
930.7425805266191 1217.5613726795702
685.6069930799057 1285.2749773536032
244.25296066869782 133.5269031574211
1559.9702488266594 1073.5923931889092
777.903340643204 -331.4782878967953
1285.0531513785888 1064.2060026372044
996.6470618611853 211.45924965314944
784.4406373680039 186.28072905872588
461.5769814510483 697.8936842668369
1294.4752281605454 113.87167211816099
453.6200661925154 1010.8133005057618
960.6701267904081 1312.4702484311088
-60.63687423657164 1089.5719332039891
894.5053426215579 875.1963882243214
987.591101519029 368.61145577912464
867.4046656412011 899.807393870853
857.0248878179767 848.9482324234395
547.4290653694344 227.8651016181634
179.4248914249973 101.89435996356023
1507.0860796332945 1566.4743606707552
665.1403942091719 171.00110898158886
320.6501426221235 1680.5114156587808
15.762108614280029 1041.0057249370032
1471.773607085557 980.8485060782052
-638.4530684765854 465.29002665027025
905.9220133859623 921.4668636867813
29.59853035829208 1109.042322281225
527.7680790686949 547.9153779998616
486.1678247517791 1073.7488642098099
145.80606953079507 111.35941698535379
11.814582446226481 909.878532877854
1001.6361981266648 156.49613856495316
1035.8040304264475 -411.3300406765544
1424.732256514204 1113.1154388244543
519.4733794826437 381.30663908388703
852.7001370560671 155.24952893604527
1312.0460477696488 1467.8181133843102
1115.3230191766581 221.94771295396794
-587.9096299793428 165.59309317401613
1535.2207752657312 564.2968604504151
598.885402969647 1204.7163514220372
1085.1646212904463 858.7005374026705
630.3314495445824 767.5655018631328
1115.928767469605 1480.7852670019802
280.6662182961523 1172.489689875
1084.3535905452568 635.4880566675937
663.4634962300514 1446.2298825689452
1398.1722838223454 598.5841587986438
1060.816934807119 747.9416957538132
714.1942073199879 1358.6304508780834
271.29276260871023 778.6974272492079
1941.6752116508392 1421.8637705029178
292.67037368810895 1528.9221306845657
463.9810575294728 1258.3133532952586
717.4098852977714 1275.6573431631227
966.6097428638034 1053.783245089702
1314.458187716212 1441.2908535964627
863.0943706671667 910.5260849639984
1811.9473988925538 1559.7899946116072
273.56857718448526 882.0453486881258
1239.9892930448784 704.7267744147367
38.43276585949011 725.8300326496286
395.98820689616576 557.5400158122821
1351.7199561067007 1124.6283496802496
18.697455265716577 1008.3056475964172
945.7610088949058 0.977276654157063
1146.8588779493566 831.9917602123763
1318.1815619014776 1435.7480113995334
207.14316698594902 1158.0774296375987
404.13417298753455 772.5142124352549
1420.2581189183793 331.86473759026626
661.7665396867806 264.87013804600167
42.1299799719527 184.77913716711856
1486.4132946891975 558.2966561775837
202.57013226722356 936.8758575818962
547.3157322223494 1089.6115369007061
1177.005541158496 901.380342254087
171.62648418230822 412.70442765745304
787.8491274602288 983.7382982797922
1489.7701089479117 245.41717520791883
528.958898147224 766.7380523651086
1306.5120133106664 450.16743931209993
1351.035386155677 1245.5184703488987
1469.0778134808097 372.15739336855466
1567.2698589612103 874.7519326163201
1031.8541901073922 1454.7157338077407
969.7651071844715 100.19732119551973
1092.9857386521442 944.4742136251585
1774.6135874776073 191.58224585180358
318.12261849046894 2196.369296720139
993.1632280594197 804.4594210027116
1149.3069667846105 181.34198859774244
256.79333183911535 -421.61848942962604
493.7174117594977 160.3595731030605
-18.936915911090807 502.53657715062633
875.2409161567549 460.8631925937816
715.0637331591907 1477.3871472699955
728.8592076725779 851.4381503109447
814.8857564399046 1026.8483700152135
1255.578253225197 404.646649831702
955.8856877631581 848.119706724087
1361.976886129451 1128.7283972295897
973.3019181774588 1258.4948663417636
597.5905983279522 872.5259425610122
448.65373163929917 1149.620410896531
1272.1996837833915 663.7339141452827
273.4786973055841 418.70367331255795
217.81549354891453 1293.5126625584917
214.54728658723482 -497.85679312039196
-320.8007264783454 1317.2257603027515
2221.2255911132497 1354.517195220901
281.23118047544745 901.5834072567978
832.7568970681106 1573.351276349442
1475.604797219144 622.5951363168209
1566.6625149498018 381.25363487277195
198.9694618690847 603.7105157317262
741.3713268543901 1240.1782207109459
125.89634809401582 1550.3585857208752
954.2653374419831 1335.309891906773
1392.2704583811947 494.45302285455256
138.26479162205905 1373.492074081468
1028.2106759768353 153.1521402191701
1044.8491111578876 971.1195813972466
1562.6448004723934 954.4519453426491
142.3966418180661 348.0915247770913
1173.9541235901202 710.9194332447009
36.82979039310069 783.7064682718952
711.3914401336583 1243.4117897657236
-501.4939563612556 1501.652609094699
513.7235427788758 175.46056989776133
884.3072029802499 205.44533917904175
1257.3054113981282 1533.364813996298
163.30604187069963 1487.1452915047357
264.78011010976644 629.578813894695
1462.3678505909168 46.39315153022558
-311.9382138331169 140.59378108856026
516.5792922662854 733.5453513548048
590.9873549115788 1111.079633286955
213.43000985868912 58.404249614154814
1087.9250577623884 593.6028901439793
1183.338040174966 1795.8374339931788
761.793138865637 102.03223303252001
1024.4472580296458 1556.7873586607473
262.7843633989956 550.6683561162138
1078.690318322926 943.7653267580297
1373.9605459991667 220.45496770230625
231.06354325332583 294.12594469688196
1030.8991043740402 162.1982198022643
-166.5933388039147 -734.0079002682961
1016.0945686084634 444.81625589727093
1256.1865495369736 1067.4971533563726
890.7105275243024 682.8844741875957
717.5052884761798 1222.5509104704536
1059.9193492033075 164.47966952254774
1227.9423905871083 1282.8286485951319
1270.89133791962 1362.8662318104173
818.4660143494659 590.2052532061076
1301.4966518496753 1674.863944471276
403.67348838163895 150.09374963691337
770.0207675757003 127.35009113270338
860.8336921433008 1543.3815877914283
267.271267225391 871.6453024263689
303.3358908807896 1000.3573932435642
483.57171460355585 165.1726342244765
501.06494866170743 534.2579107434268
105.24119526499166 638.2659488512371
1565.9959838893406 1081.2119099732267
560.1348964387656 712.3363020400633
1532.935366894782 599.368367124395
67.56761263843156 364.0794694203014
369.27845398328344 1416.6732945771435
547.1099923029811 1839.3426016026942
1572.578726926814 541.9920924385376
1176.790249285294 1446.637678853167
750.2316208270465 207.57207778043428
770.1448585231944 805.2309447809832
1175.9260626344721 225.3389479286726
182.45627429085002 1093.6402515021398
721.4842370918036 379.6456957090203
2040.481569426027 1773.9503227335404
666.8028024800568 355.72695374820063
-281.20491871069856 419.7471325809283
-376.5814675778292 1745.9748968504302
380.5338335062446 57.56313921357984
287.97200340703273 1143.3109224417242
797.3576082361627 345.5609381198762
775.5031517100072 1474.239973918776
-165.4881553790798 -173.96188316290372
1259.2019359972974 584.6157011192186
1355.3249340826385 947.0959361025181
980.6716421713069 -544.2532321556874
1560.8822944148649 1139.3413984740566
671.1477094306814 872.5529324294739
558.6338931594358 2283.7813978048084
1338.5895234238221 460.7346473868347
-411.7202490622226 1083.352616038611
1381.1424765539655 689.1742612857059
1688.9781915743738 1483.6343631873574
-344.3389935248561 901.8767033585499
1529.0081296336248 1504.2805903856763
176.87212524712206 824.3445556370365
1549.6847343887332 875.1761667676114
1069.099377788469 992.1976644414761
613.7187880760338 724.2082099816757
46.56394953397791 862.563448112892
1304.7616807189631 910.5203291815058
1529.5430009567983 1461.0071869652572
1155.8572154309209 875.9364554788629
66.77456424717657 1017.489148077359
786.6935093151061 124.61669344108152
989.1066601009911 1227.0106394690943
229.57540564743186 745.4560146341121
1226.017690501148 946.4156875442943
250.96001488283633 990.039843493688
1390.1269652722488 758.8556282874396
435.4612475277199 540.2019780988211
725.3276915654737 295.5540349514408
1449.7812629526002 153.87152307242906
930.7639428301984 688.8265494183128
616.2782302497806 234.82982905085223
211.59595409056493 1131.6944813630398
778.0753717546162 743.2889017809754
1130.2468997087417 1349.2806164563924
264.28093707084145 1323.4030210567216
1408.5960641410259 231.94334936733242
801.5724625202366 770.5491162691618
186.180299257267 243.0279259694379
868.5988019260935 273.415076605616
1469.233735593728 1051.8176963089916
1881.555903948676 499.9302968808464
674.8753943185425 1202.0383752980124
1010.9029987968704 512.7788862283963
672.0017944336399 1529.907833476366
682.5435434739748 853.5743920441067
965.4667883559695 1070.527024935858
903.1863773513018 429.09138391076186
1449.2266613115742 1586.6337939062337
170.81856479896786 95.53722419558312
1150.5470333567644 983.3363429237746
312.4293604072886 1566.2223031192334
614.2893367516643 1235.7427108052484
-726.3413028448657 1713.5594839618898
523.6432686771893 1310.982088042143
503.28170642777775 995.5924202174829
788.0753476458199 1260.6310308547968
344.4357412102282 336.4757781281339
596.0439570246492 899.853482195759
88.02150450968306 705.0500740880145
391.83091082050606 126.31422894854282
633.7624187529312 843.8223724307236
1003.8861533321505 730.7823712143469
1448.3565773582802 945.2353829867639
-719.8060230151602 1564.1910029506107
535.0448192487806 1490.7145415968532
242.84956211803694 -35.43549757243301
1213.3622247585859 1137.3464177534577
2029.6250578199995 1697.8826618225914
1084.7974069379381 1571.3609176290358
1234.1261413990362 1284.0266214262629
963.1106711610471 1255.881455146422
496.1069855929104 -220.01792523086445
487.15864768035505 945.1351950150519
625.7844772205032 856.0661263191661
750.0972520015857 551.154961607568
683.4705728584903 1387.2807683777744
1211.2329587237593 1181.5368973832415
1238.750571922594 143.2950707929845
280.07668421032093 2068.28994261813
99.77651422280506 578.6255216879649
173.85996962478526 524.3050015250503
628.7696994567576 966.2109970346421
715.6912694891014 1381.2484448769312
748.3333273495128 507.7181545076379
1548.532150896604 1191.1260962601548
536.6452315169925 1187.1600357965913
678.2981182822767 618.1500082390681
602.1708637732006 272.5381491933811
-106.21650513869851 1473.655015085292
827.5641666328365 33.6754258295014
882.4548950801279 928.4769847262362
193.4198793461534 1352.3780569736925
767.586654092562 817.4940854784448
1312.8349097216076 1139.739438365855
1479.6478809294042 835.9240826294239
1505.9137513923502 820.364699698591
1115.0127616457373 1211.1204660996611
421.18646209991584 596.4084900430558
484.9826444523509 226.9576432706259
1436.195298021706 1247.8565310199633
1214.9426084739953 1895.042537523399
650.5495061500167 1720.9895473696622
310.5185175887017 1523.2760368562379
896.5545720737927 1357.9447376108026
1430.4528949978421 966.1006069213638
506.67647809088567 576.9351975564975
245.30567144694825 540.007018383472
1216.4590689177417 -135.75517440697428
1532.0202641674543 1129.0533918743233
228.08841357819972 34.914408257965
-88.83677251461123 -309.3752251417326
1270.0121918846155 187.34800303435276
395.1857649483808 1981.58267056573
328.2945710084799 690.4661106891086
642.2352557076949 171.5396909360525
1335.151551154314 666.4005452683322
785.9403599752033 -382.3404720141442
676.6531578275625 908.9671523782561
297.68919134356696 1140.0107214603177
1081.6819352606303 1207.3157615815453
700.4271680898352 354.95006040717004
1550.845378313193 1194.0077135500107
1398.4880316177548 1188.9526976609195
1152.9662368909608 993.8546354170622
1467.7960506907891 13.850814004277854
239.78161619482785 -95.80899834698418
1363.2161200841379 556.1517012198179
1424.0137921886785 779.7339431521973
327.516729711461 1350.7608259604813
484.90700885806024 1169.9129838856925
944.0792256017496 220.75786347832386
124.80720121035685 1472.0532514470403
1091.0738121421093 34.68479068828328
1044.1286835187752 328.53476488294746
367.6706948703733 1078.3405909947514
-19.748602612448476 618.3627905149369
1413.4808465129186 1096.4589232020433
1255.7138448371438 982.1055418419307
870.7319119752029 0.12890627632423968
1562.184759351289 798.3343552963554
735.8456648005878 516.4588321744232
1171.3198761046533 1217.5616186025627
81.3708955253579 1082.6656245267986
544.8575546549082 1206.94366674526
1764.640597236459 944.4736699110887
1294.1957050339868 773.0205883320174
492.60238325518196 1456.4647024671042
1121.2676151820503 1411.9276279850503
76.18137549633904 711.5880335683422
1498.8996677073474 1121.2227161822666
1178.6746782171247 753.7854840158828
978.2623417447476 -97.50985516290223
1349.3380746322957 -25.36078345603617
183.54437086998504 46.323444658290484
1371.8404753923467 1350.7407225202498
103.56616541426688 1437.8824597701746
1304.1398913465416 607.659274092064
665.0984382679654 -148.41007567949535
502.7441926367748 119.62755567724679
1400.1656618010245 427.0984741786333
1254.608291004962 315.9168572505469
1325.706615611156 902.4536534984566
381.0765498847657 1183.5968128442455
507.5666057866752 1588.532197598705
-350.69874569020396 1595.6402517241647
1894.9363696373086 500.4810549752181
1777.3788431767255 448.28014839523144
103.76541607443095 407.53981215653056
1221.7514574990946 257.0575645375421
746.6535961656722 808.9155757407044
477.612810864367 328.33691813422337
1115.9284771452299 1998.034452012921
898.5931679145507 1333.5230283190713
294.23834375122834 910.2699745170949
1398.335872233584 537.132269422762
1248.598862561481 937.6135594410706
674.6302035832088 893.7854634156641
811.6410753594462 1113.7801478112103
1106.0746948017868 457.8346402504279
496.85897514982025 1086.6852772003574
237.6196693162378 1375.1837657064195
641.7479831714617 97.15888548742745
1438.6177574024978 1385.2512752153884
862.8880474768176 327.9830228380714
491.515272743436 -533.7793899347391
1451.251171047203 764.1222014467171
457.6052659875968 296.66450676367646
1292.70868667709 1498.1001083198546
207.22203871588712 315.4046354450954
1673.6227722803355 1814.1692903320252
1179.0122347948145 923.937711180546
859.0204308882301 31.06143756054002
1037.9360077382757 1404.9370851599938
1509.1204185793524 828.5292454121573
1374.5038656366876 2171.0042338493654
196.17918183415276 1030.6634303080803
1622.1341717848015 1431.700821013705
969.239267304757 614.4110309173295
278.2046226421925 713.6435925357832
809.0964837664094 766.1145361185356
423.62517181430786 666.6340451029192
-167.33023942286874 762.1658179436943
1580.4507719223795 1280.6426967058935
86.38895685593326 1560.8795323868083
1300.7778971027656 1116.2355546122974
1083.479082540561 -127.2644354484812
714.205799873361 -24.85020229238441
879.2517659102302 653.8274925373578
1047.4502848482289 1475.676150848422
1167.2911505832715 623.4245318992265
1423.131662881891 1497.170237164512
1386.779677361417 1210.442743152507
281.93849457166954 -234.7192484777704
151.8554528610915 199.83187566051336
546.287606111586 391.41285952723996
1369.8224593746002 914.9060295484426
755.8307290490479 208.07497329782066
924.9750793656079 1040.1475823804249
1106.5341847313455 1384.8458556650378
1187.2303633660204 746.4161538589518
182.2529293950605 1161.3806200698582
819.6531067085041 1232.9441284117029
630.0736018595189 1389.3913872511628
801.8004724970715 943.1452596815419
140.00361385418483 2182.4034077344827
1388.2235147327424 834.6487674736634
613.5501711720959 1212.927383123125
1166.9965823189953 315.2364651813354
1926.6864491476474 1018.0659295140659
424.6960020016336 1148.9809075611554
-529.4950009338477 1087.6914085963465
1253.547248405963 337.906229257646
865.9907718159297 749.7321145377443
1888.0193166447525 1540.1989898822485
-58.494001493954336 2019.6590928878095
1307.375174904952 1122.9859754740114
907.1433125327284 234.7084513186214
1803.142316711558 632.9730011487835
730.4060606288127 -114.63686934904456
1553.416756193021 1138.1840001795936
826.0235970975281 734.7949578713304
570.1246684569863 549.7199691356857
1657.6634161874758 374.55860898923413
486.3896281084246 609.7901716832175
1279.712868240241 641.7282473499852
967.4078937509959 212.71367998851312
70.81503360973237 881.5039552303328
1350.4266638750796 1123.997652741895
1315.8254324891132 607.4273949906502
139.91548228197794 602.4461810137901
1291.7586450323079 -117.06452560949123
1173.7750754823614 234.12358892519666
1181.403324569286 1477.3702900715973
1140.7894931464975 -334.6551527311962
135.31400859507167 1434.9984987546102
916.0983580419698 497.7882102310893
169.5169241627787 1435.7472950296913
-302.7619856983082 1347.2178449496278
1311.6793876811496 767.7891572824423
638.656133278098 798.4186770637627
-240.1074390004654 1784.337549855439
1436.918842475619 1096.2843568030269
382.0898553037389 1782.6218562992956
629.466982975198 772.620937485555
1039.5228665505606 1207.1830923741322
306.24356376967074 155.48592010491615
673.806600453118 1037.7815349219684
946.8219868075149 741.4376162803233
850.8043150266428 1556.3565924635498
372.52529616765025 612.6531522060629
832.9800531643178 68.8080258842898
442.3789104271524 659.9848135431396
2120.7394559790596 -113.70444189176759
1339.522383316607 355.2575729118694
-388.8297546172021 1037.181417905277
1719.525807487798 1112.572125229911
1082.2014569725357 817.4549269040032
1120.7333971892058 393.784792826173
703.2457862196931 6.681298175453234
696.9238192693595 1324.5938162389646
806.3995795565592 729.4726876978076
164.14754080719854 519.8095132101622
1174.5879147569735 289.2998978925229
28.731847967948937 37.16055786663216
377.1649925962369 979.5864631163105
-224.01258040051883 -17.922979163698677
135.22339272540134 123.12810409758364
1340.5048964211608 428.7239288888128
1479.6041896978875 1375.9136561654275
408.5005821021392 687.0243338935578
396.1439921831271 795.9711436549517
1870.1004406290158 -443.4493071625868
835.7331368861045 1336.4291332723265
5.2041228941215945 690.615055360645
1451.1995803660823 177.65105964036627
72.86339838427905 -294.44427753280735
1045.2642422528265 719.0138295876545
502.04376753267053 1554.1114931007558
350.04329767733526 1782.8261746192557
366.7416940331951 941.1859354270362
1245.1407464499357 1526.4683397405408
1511.2846797350135 -72.5009998407981
1139.5342411726929 1403.0729651129743
303.7017565305291 1405.3889138938664
1017.2670183006152 1228.707080614845
296.5993146435466 919.0313780132169
187.26450755756835 938.0969709791284
1289.4568588422678 855.4355989106201
1457.2760579292387 312.31406156600667
737.3042726630657 1940.0125780289986
918.5843113768923 211.23928753849307
1282.0036439651385 1524.15434538055
26.743942448278315 1056.623333882832
718.0423643887416 121.06351748405962
143.94821621998992 547.3872922681492
1555.4926448678855 1831.7724444483542
1028.362328733567 613.8170977506422
412.45875419927864 -94.55658904244927
945.7868407076966 1017.9611691271381
1665.2404367403878 171.8950599481952
1865.530105572915 -380.49232336103955
580.25086966176 993.6362587904193
834.4996041999661 81.3574656030484
194.5737564078151 209.3571337310201
1375.3096560943902 1036.2210960434295
999.2603032922989 46.28986678244916
1478.26129296612 563.1433612216324
1620.902932121123 1760.2522774985766
664.208526768305 1258.5151070981237
630.9384623355411 944.2158705355879
326.737288215444 340.66911271478284
351.0191745132177 854.3365018059512
1652.056330592255 1115.3459038903527
658.826039016751 1459.6722444661284
1390.6333082387935 955.0185494535142
1920.8066298660053 1831.8128527345752
1327.5263800752778 520.0308297375119
1158.5930324541093 318.2154453451596
1137.5939612981724 222.52883443730815
842.9305114392671 1200.1932682762283
686.7377390836799 1318.015068024465
283.85766261913744 1435.1032804888052
500.83505078624813 222.2726583056569
12.937828601818532 39.75717360831083
-121.70494000568435 1126.4133730529293
1066.2587364258404 1408.448728085456
1083.1965876433646 453.3356001235216
1344.8539017764617 1204.4568085811395
1592.1046258205233 866.625625856718
1314.0715189200353 577.6226325894479
583.5003168307924 1202.8551648831854
504.39271130285607 1289.0099460214774
1212.24541715072 -41.19600142996257
1500.3111118838317 555.03546116702
149.46842904699878 1236.8706486056078
1404.7487408161403 170.01195933340256
1208.8275334513387 657.5578613905503
1077.7878557319457 1525.0578813376587
355.83802091069447 1626.3468182041988
874.9393164780848 1371.31890046003
1439.4175182903807 665.2735446992414
1488.7513750498667 374.9660012761675
-6.5624698117753555 530.1581924550793
316.2690332578739 816.1204100646836
1047.0107155274347 55.69751311705693
1199.6415699796853 775.1004084574358
1221.893581678278 397.64670946896297
479.2943073965962 1117.2954096456433
-412.2100514189857 1167.2575411103146
1524.5982822412711 1902.9528818025476
1136.6691296039128 1107.6533461064748
-169.58362092702896 848.9394993002531
965.377177914456 245.22334474802287
19.79843810671509 1547.8615854585128
878.5633794899228 339.8155782733003
1319.3993896861525 392.3520208400029
620.0785431205511 1013.7246969159941
1483.1965368977915 830.1315596848666
1226.7944218058294 980.4985126982177
888.0616686259698 967.1514198987427
1487.589834364176 42.70381260966072
1858.5591410250793 535.1407375786864
912.2092655595507 710.2461227745118
1021.7748406567637 1059.1968318216034
1379.1239201443766 453.9528478362652
1968.5022825007252 954.3526717554992
1563.7698582267897 97.53262061037111
1333.309149557771 334.91484862855714
681.1287054297455 1625.6538351838267
327.97331656108616 27.622312170327767
344.8350668175471 369.30108321603853
1237.3192813703463 1321.8006512777893
235.63419117846738 117.21002093967121
-109.17903999655258 -357.0195467841462
38.75851248108186 652.1278020014145
454.12538465254477 451.8642699632101
350.7645352296679 795.7470965237878
1964.9097054037409 1707.8518499245515
635.9259440920705 1342.1947214682664
1572.0280489554516 790.8439066996057
205.10347454404715 361.98929221832213
34.11329073432517 1822.4058647553115
1112.9249675337257 866.224232675108
634.3419254361463 1528.8839218165924
678.6548666741731 484.46900997346387
263.4524844564404 151.96146424107343
1196.4334349192752 605.8599007366341
-288.92131028070844 1833.8355120921713
1499.0225021793553 803.6312463857709
470.2275690951266 855.4649988916829
755.1937051850726 804.4510856265376
1040.8134156614453 30.738784212926824
1153.1568595696601 384.25529348194505
423.84363322503185 200.10215929557242
238.13987938292854 1075.7938722567158
1460.3343934340573 1305.6245721218038
1507.1236580912089 1549.2361149983283
68.70891652300055 49.825963380123376
640.2300955005902 803.3254151945908
96.31532161992092 715.4971811082726
348.55690076566754 -168.13430806765194
963.9064408562015 1084.3235775078244
883.1920309131677 424.0462923884006
1503.8099032355954 511.0995041160857
961.0390618756022 1117.45095780339
1146.2228518260792 986.5500866097194
1269.4913692408468 623.3424905705614
1351.0590014856903 1214.8688591524071
597.4031366286915 1093.8109070095811
648.0082023816638 1664.2923195829665
1397.2507553076264 143.52669731362025
-105.11107117835569 100.51491754760137
429.4229655567148 206.21399802037433
824.5134176414505 12.88742950746251
94.52602672490033 48.07722365390684
758.7037064442837 -106.44666040464384
120.7010292726551 1475.9942554764868
2065.4514886954803 743.0969349718442
-375.1905478726182 1405.189857887465
1315.6089630831023 499.5332796159409
7.038259303155104 283.6072382602359
1001.2038949315902 386.9299541539526
1282.4515606690545 1062.9223109000613
1220.2488981832923 1064.9836758572947
1072.792730295629 960.2846650313472
1577.839350635086 943.0214215724174
1262.8407921022826 109.98178080489879
1130.8658635285062 1194.25727283374
1265.3670138769364 189.76656325980022
1565.1629677406677 658.6238386149539
1089.654225358398 364.23847284638003
1052.846555661472 914.8888147097098
443.6295453314493 677.1591747513509
920.1018694720757 -400.67680802790693
897.6323641340974 1105.2160579144263
1283.215436832349 1584.8488246107754
1419.0746432626947 83.9550985026486
1177.6144580063844 1783.8676884255065
506.98108955542534 816.3378899501392
2263.270050656892 747.6733229037062
1101.5767941022377 626.9454025298827
-410.62080697228333 706.4543744627092
1122.6868056822657 27.773998567956564
720.2678105115714 1468.5690203753165
807.4967093797003 1165.004870037668
85.90928267791973 1213.491879130361
270.99887960480515 714.4576956518408
306.33947655046853 447.65763971963867
1373.212208232988 706.8985706690709
952.016082485391 1659.8982514410302
500.8152073792003 1525.5624911824511
1301.103366154984 1487.9999177787513
873.4889521260014 314.8900544878164
146.12766968718893 1037.7515937345117
497.54595073277835 1119.7801915662442
1004.5764808676838 1545.7464098650546
1363.5992249548262 1468.4842113781351
7.867942935140851 1320.640751842792
275.16840838779285 504.20684808485726
406.2059226919476 -280.2042896524693
574.8426863476126 124.15714804671562
1232.63806252225 926.9238830719189
278.1647700396703 1118.5307144148605
1310.5332202709358 292.44449493925475
406.60359224644577 194.4392089393572
1007.1180414761016 -311.61731082255955
1445.135864156087 428.57474236637023
125.88893290728369 1285.406009134999
889.2585699465728 931.2889117440569
338.8659339757562 1295.2320523448677
958.239599074885 1280.8903433798018
300.2551999120253 591.4537042482182
2041.6499626982331 1487.8816773094668
1049.9476071623294 724.6399246129579
352.97979290766625 837.3749283118478
15.626111975964932 286.0147131904248
69.09075218734681 925.9720017268912
1447.8859359284402 71.97736744836861
1776.7654479885875 1752.476530458394
1163.8430135818671 772.3509125115886
-405.6640850373816 1208.4003717130684
770.8252869516508 1271.5252965296593
1672.5594897128603 761.6050673245846
43.53206933929587 1367.5923002689726
-121.14557911170486 1109.7571526991119
750.9251338153412 659.3948462693501
1507.8744404037668 231.28025947215733
2031.769374892161 1626.9348087438536
1986.4854784455351 904.6993425660698
256.15536310124605 820.1872254813239
29.023100890780803 217.62036683327966
1539.9466174281638 518.7355956645778
1239.4415264787394 1418.868511306733
54.240769007270195 509.40327043577025
-236.65622766367764 871.0989570211476
1.3878420458555667 967.9651427941926
1128.8033685630626 795.1306590200983
806.9679767721166 1465.3948604903667
713.4077941237437 762.6083099023845
182.9142679587072 1151.2813938905556
-380.0031477305169 220.3379712467191
470.0913245497925 901.1998450170557
201.71570817648825 1554.125422786297
1241.367841980604 783.62130151779
1422.466476403622 -135.35312543545305
618.2613469358835 412.4706352901954
55.486465971767174 552.2439146992104
543.2536642470608 1469.3377567006735
205.6038034367391 275.21522968485726
775.223997914584 1203.0445374827013
204.63002188145546 1194.0746522358224
1367.6355756573578 1290.9710767184931
462.71921379996917 -609.4489422057075
651.1968723057674 486.15078251548897
1276.9085207553312 1408.7197268204338
1303.589136835827 -534.2143705697422
190.58990990221636 165.72239304641639
1185.3551040241305 1316.8933193257647
210.52900018204699 1487.4668093606517
1481.7331413640268 67.67983554888765
895.1550100618545 441.1904866385745
753.8765394568437 219.50543986226572
1044.9065937235864 1535.9601671610526
-353.62567541567216 2114.087606311554
484.9660505717816 -483.368807318704
1094.2963800452858 1099.044834062843
-125.96701493504308 978.0884117871647
993.1995557394424 913.8125975594292
1509.0430184864126 481.29262556781356
796.974219921467 725.423912109194
404.9919087677096 701.182334163856
1452.9773802449672 73.5594255692242
574.8899160044386 1060.1584969937928
1295.4144064389552 -38.41337617894759
840.5934840271931 1353.5527033626909
1540.7931968190712 1002.8456867538491
838.9046298750737 302.5890284383668
653.3090984482955 1.0652399583910417
1471.2611903849624 1154.643889178438
1283.9927958957505 456.1398705311927
691.7532913260936 -180.27785217475892
1397.1680032686886 770.9870810598266
1096.2932213508366 240.70211349710155
982.7065422960767 1313.3497705290042
54.05115087625829 260.3326866101386
-157.61882346404204 1659.7607840625553
1068.270215953785 748.0157389864501
2057.12916256841 809.0364909411906
1606.2390848805217 930.3755070755948
939.5664975960491 1844.8603190746237
-379.4844834820019 -194.519272553091
11.89123553034268 258.5837832782204
312.4458863183727 923.7281619094351
830.4566131356836 570.4477499832664
423.05021607859766 84.40987933328675
-43.32122727585383 556.9651231823289
359.5294748129574 464.3536072685924
615.9774973033931 1075.9522024072642
588.1855198390947 401.9600699967763
403.5736560627005 1385.108450117287
1273.9384808418463 1424.930096215172
1160.4387827430994 1444.1124609046092
1032.6992135355495 1007.0227051415221
1313.7920635046291 1409.569750708319
659.2087862582666 -47.06040946788989
755.0748825483687 1080.906005531664
244.29928995209497 1908.0989884546068
427.95366069962057 791.8048107820002
605.5705466049518 60.282210188177935
173.79780350375844 420.5788456871196
1526.2853733469892 1452.463801413123
783.3320845053636 112.81976192088487
703.7215728336649 1199.7973942632823
1324.6390552126811 682.7659205066069
771.2667179697112 634.4789421885622
1361.043214138321 685.0763235153722
619.3412568766968 660.0473604664488
487.09282819762757 466.22598325610534
1434.0039360182757 1440.1493264876765
823.6657849405933 745.0994961384295
1213.9119559449716 295.66157437925034
700.5434587834928 446.5545163687478
528.3807197607983 1217.17213581556
2133.6465370663 645.5137025355099
130.75591567027942 1101.9890944156189
581.438776785171 1425.628636037074
866.0803682848169 -666.0048065455625
276.63198844008303 2173.850263183209
827.6009841486774 1468.7013641071794
1687.712174818386 115.76833586396128
756.1632038206095 1427.716440500855
889.1214285579881 1422.145863979281
1074.8226267301552 776.8612413572758
915.8553899666961 330.22917405445673
424.0351440939768 710.8253812114872
2315.457963943774 302.6684039319002
431.7671529259206 1373.8574639905248
1383.2590922273391 1133.0409581012775
389.935805596215 1267.6745439975095
1518.7801455774816 1441.0057016904102
-236.72624158213637 290.5453764533095
-150.3260486873931 171.9790747236244
1506.3588340108151 538.7561041371704
-105.86114062020309 -228.0383466102401
1438.2001494951783 270.7994628744818
788.168623485141 36.99270189742351
342.1376172684374 761.1250537762373
1546.82974139207 93.35660716787005
605.4279768220018 608.6278948294548
-157.6702795420796 -328.3061039954094
1517.5994874142314 1350.5374655324724
2149.032858780673 222.4280777796653
1170.0509314428646 302.93170627211293
576.3171761764645 957.1931575975646
1373.5497581782759 1315.5263311544384
1016.8128506629719 442.0150932070339
86.57416606445504 329.82511346594214
528.8631192819066 1435.6449522635785
722.3752387007356 865.7164354457094
435.1383613292432 1538.4579195531387
228.6290040285011 1210.8943847230773
1058.228056463798 -181.28453465496838
1481.3661175718626 77.23859795656551
1520.4740741193536 660.368024250715
961.964000558444 870.4431295907045
1054.071108313774 456.14776300606155
629.4505501622989 771.0008620499873
1576.8100385948528 497.2683882993994
870.2102074190226 1261.6950198226343
150.92832092912914 -513.2725826375377
1360.3953568087265 842.7943404612918
246.88657100524213 953.8624495894362
890.2984548771874 1486.622987309976
728.6746103438903 809.6890125847387
1975.0399789448493 1654.459852415711
2002.7277624624453 515.3145044774203
914.0441136609595 1032.7870716319092
91.68717398860458 1022.8555390537964
1145.366545117211 330.6528383847994
636.3124663622641 765.8768850946512
626.1011794696439 190.3446456229382
1333.1797833201865 605.8361522443308
195.73496951191524 13.033068798185013
1378.4383111250022 427.0723009760363
-7.881551175214615 821.9787471651977
1025.4757556281681 1557.2208396074154
516.2419962055915 1246.0362327451244
1271.9723227484046 428.21970414791787
132.32308346807218 650.541398562877
444.84525625396384 -358.3762175413118
1491.1854726565 1346.5199932055043
460.8918736067798 547.2011584736578
1017.1529452914847 82.24266310690574
612.7811023439573 440.6043552272944
711.0348077063048 418.48600675424206
1276.705000843803 688.2022286390226
1352.5762049349755 1603.3267683629217
338.2725628981633 361.3352287484488
1491.2839279259877 297.61604162272084
802.6713806719234 1497.5590315053976
-306.59847746170243 464.46285477454296
49.41403077908513 770.9955703313649
1219.8686905828804 225.04621255286958
1107.4196024227774 1031.3368204668293
709.4194633419579 2.9681706354249067
457.93110349151846 703.4091046947811
584.0210091281733 1056.853016989958
1231.489967071029 311.16804258289375
1163.8602754014055 260.5338859357233
1185.2532676426902 789.5124060559525
1028.742438240209 1429.413562443575
990.9754288549778 945.4093464710654
343.9756795113614 286.4486213956548
681.6363724895709 670.6124087462309
244.6621272569038 2254.7747724524374
1038.3386757254955 1126.2177042858793
25.96824122381593 522.3903433668522
1427.2442865686214 1092.6336107652605
205.4736027950997 293.11662135259576
454.92231611973244 1088.5045339799033
-249.11886719492415 606.9426939742104
821.3982596207372 788.9088930281843
182.63782440241638 462.75389814106717
233.8483741729104 514.7427350302913
-96.65243967565931 830.9899793917442
250.7156890218479 489.4527419209716
1434.9588130531874 590.9650391177597
562.7862970420076 180.14992440073067
1537.5944183235536 1420.288837360163
195.29546612782357 975.5200904965317
16.634370045541772 610.8885600239532
623.414386858517 489.7272517277456
549.2856862414135 1723.2874655522965
1451.003929705994 1406.9474038865226
1985.8052210183066 820.6419737888457
870.197331891392 1347.345782488084
1466.9733901805316 768.9266331936478
1444.5420346444605 1022.3063874704534
1125.4861041576544 1073.409514988605
882.0420479386938 785.6145964428775
862.4610502308491 1079.9592266705354
579.1136641542624 159.81507354864735
816.3692521210742 1387.086452981551
990.9528219857418 577.2730790735194
1335.9058929271541 719.031175405107
603.8096316185361 1333.2980456852601
1404.800941166316 1434.7492725483005
579.0246371870862 1041.0968985758022
1162.7288774981594 1228.3998868665155
252.93559856308372 1023.237821654449
533.6863220447999 1264.4821252854442
546.5770935733826 65.50877824118552
1342.6733110370483 1094.5767069206008
720.6668966070911 158.90704047806375
1271.4133754022787 167.05367954345738
496.05342161070075 1392.6189714920984
-328.5710486913437 -770.5282491773776
978.0995331696051 929.1479342085777
1859.2778025180182 107.60100173089991
1399.0151199999834 878.7506068829034
210.59246167716765 939.2698665222414
1468.3461921791088 1378.9250778695998
279.92264313396413 1310.8530441256137
172.2584415149289 226.1115161175226
175.37215348066573 649.9887032637057
151.39863044479523 935.5080833296532
1205.977473138565 929.9243854170154
1528.1605212286881 1506.2639573548945
751.9087463849852 -27.172226317118106
1507.7296983232245 169.65038017939926
487.1417350387454 1103.7504523047778
-55.654174429901545 2071.1522926317525
508.05832183576734 1373.7008716637636
10.305241226242746 1747.054532001495
845.4466415532265 1109.4102652628267
275.9386564283831 264.7004739139473
1104.9402396514201 1184.494087864973
541.4920300452162 1466.3825536509069
1084.695994534077 1245.6826264663107
558.7511302528753 898.3567001594664
144.79588922799152 1399.1175788511912
8.0567348422019 365.48901893039596
217.43303692919702 1099.5009768952038
1123.3906773487502 990.3423222456406
1302.2922274443372 345.92575014476716
1967.3335054728127 349.78824048433887
-118.21333716401406 2151.919247409762
444.80448279805313 796.3895610069269
1225.9319045297389 98.50853383852015
2209.2684672018604 16.185407792196667
801.0954519940916 1325.0700698260364
598.4437017125008 93.46012166718675
52.980612095550526 447.03698224350245
484.1572580384741 564.1026399235253
1206.6473052227623 929.802450454036
731.3316469092493 159.9155397665395
768.3950770092711 1132.8564787206926
128.27523741493457 851.9485639256706
256.43860348365484 925.9140681144598
1771.8786258447512 542.0390919734359
555.3990071821437 1477.6470698285088
1429.62883338654 1177.2901662572274
984.7995440760046 -36.13802486236161
205.6472190693744 1026.3148342512263
79.53087997380541 1811.9304801077974
474.50490334896494 534.1747866700547
-79.5566253728488 373.83250794953864
889.4218584006744 904.1579542140832
1546.0996618897343 144.2782206100293
20.76719824144609 1490.0703333038514
869.479735363514 1463.7932431559511
-398.5863073628299 -356.95834210163616
978.0578380592877 1451.918131385907
735.4854574097888 -151.0923891839308
1263.668796889509 1039.2012883357447
96.50618109235612 438.36881420557825
861.6199527186592 941.0889202176542
716.8788779786771 882.4002017846234
170.33645453617126 205.50573788251032
663.8507748110567 120.0394326109962
170.90189121337616 1481.959916576122
685.9344644773807 276.39023494863443
-285.9595731126507 825.2667204697933
800.169553259923 252.16542011265355
1140.5143722451567 1412.4427182748539
513.2535143753087 989.620788562275
969.5393245571186 1165.545608861801
966.1338990750962 1425.121363097054
1066.856303108712 306.75110984243656
1570.9240906751666 1246.8042750745517
1860.15232589045 893.9579767633933
1441.5523308761103 986.6162037152228
336.37289490082037 1552.7238991482186
1250.2509157677036 330.4872255729358
358.74313997037973 572.7526565944563
-189.62159151475456 536.9072554876811
106.46135540800525 1050.6550389058475
1409.7869152607545 627.8881689432058
557.1855881839917 315.699344352616
764.8908080905722 1527.4672342484607
1232.349225315624 765.2360620723945
670.5377428015487 835.0401145676256
-319.9396557626861 1595.8948796902976
1311.8173742926451 428.8255375157314
1502.56048438216 1258.1497979669464
935.8568874204692 901.6407575426226
91.13715653851 130.90800950387165
507.0284806459668 322.94236819472826
1415.7226798405256 -182.41790336047646
640.4506012518316 44.90114456731799
451.2775237920183 877.3935622271173
621.7529158902365 1330.8260740512321
376.4640346869688 218.35501741842924
1353.6841121949676 431.5432417462692
1408.3181107884548 657.6616124571482
998.0965994455469 970.2433996363466
-137.2065785525796 558.280121542752
740.1545370036869 403.3576654668274
470.51590527926305 551.783025533819
808.1694114960611 1662.0638609914752
691.4563916019569 1439.4783794869447
226.2576933438682 1313.1417943445892
1244.496106372795 362.15190000332154
926.3569384760378 1902.1307303406409
347.08925051987967 363.70689064676674
376.92409053886837 328.02666011750864
268.2343813432308 395.73297001650224
1468.3952051581443 1330.6798065301075
1058.4971606751112 23.960984623858987
620.901286669375 1533.4120825922366
663.9931521164855 1524.8337333274978
1055.3149174082075 154.81475754666636
-409.03227865014094 -540.1232825964511
1010.9769135800223 1488.4603634350192
269.39295233123494 465.32930126750875
975.9200452113392 364.609785515417
363.29675212865493 606.1824311201667
293.4010046718975 721.9444133620707
1039.927291817029 926.7510118848719
664.0352193057942 1421.0518196189498
748.845314631178 332.74176799486344
1294.1365093270933 1681.6885629715769
293.1175072195089 665.9784984415243
1424.1741137926856 1532.6664638818083
39.08473573714413 1002.3232582827092
2169.1415383662434 196.91093680589984
83.93594001449885 272.58709924395095
723.0328490686753 1332.454261206352
1240.4879202597149 331.6207555961133
1447.9706276484492 -597.2098137979216
486.3601192196402 1673.9608153959337
978.7320338965885 1080.0143329981554
267.880062357123 1160.2402553793
1154.3252741067156 1529.5808991439412
1241.5493855804323 1055.463911842222
292.18547793433356 1117.2074114080988
166.7022708600087 307.77509164116145
1419.6479841247813 1239.6652334313487
141.96649904256256 949.7361618438148
573.5554427194853 2075.542641036702
586.9365255552244 290.3918127835658
1659.6530661397333 1834.1479900273937
1126.138571850061 1160.3259051929979
1082.440017159118 527.9760718513203
1115.7132477524858 1508.3485980616822
95.74344097206941 702.0683598811672
453.12408521089253 473.85378307316466
160.39916312044693 1305.0618825532918
572.1528837623355 1069.7021437568042
-230.12608061305284 1482.0981611845598
-354.8158497230093 1831.8125810230804
1461.9569280337223 605.7761966128018
1025.2758768311062 447.11214865216306
148.07368431518395 1281.7356261141858
446.3001359095019 654.147358137049
-173.2219933886898 502.63165760751434
302.1883883422073 1125.1496629757996
429.30821892639875 348.2385460919941
180.14764701910212 135.81201772112954
334.66063123369014 779.6932077767781
448.30618888716066 1380.192225152376
1286.7834064972349 1519.8359710252555
735.834606815533 715.5099794550816
1360.737321761053 -310.71616597946723
1430.9552809704269 759.3528342160048
1473.5903269166663 203.64256231132572
1715.2629814058823 1199.9296663834832
1213.031759648587 1212.852133061188
1251.5009390291304 798.5674535649862
200.0861306658828 724.7833422476401
1444.5802546015714 35.33677019036928
1451.7973882115307 196.9131625822352
1585.2892256714142 950.1022348724241
412.240725019361 1038.8662701934045
-234.95131269737635 644.3211626940346
97.60879830630826 -139.38116982140957
4.003754461209411 923.7863286058749
705.7268506797438 939.0186170447631
1195.5939866774347 996.7920260286385
1176.6215311595115 1403.7009960359533
1177.8084523393748 112.82491208337571
1261.8718513862195 1556.5087252516605
907.523498091288 1438.674986485804
1349.3289950199485 203.29385448269952
87.85021256154853 614.241508494078
-265.38945629676965 1380.1898696248934
1534.3605599237783 158.86525354130217
599.8407375142807 287.21853792562104
1902.9465785905209 1241.5079394859104
1302.6459378744896 1479.8094251179314
1196.4358242027383 1153.1744866480758
1938.547883240959 79.77970789356135
487.3335164511832 352.6030297514278
676.7919799407483 1140.2503451072305
1522.6887245778148 116.9119165587898
219.24643689214423 718.9816418364934
285.1756887380194 613.2838406239057
19.190075975055855 343.19889996212163
1553.2548062523276 1285.663532592817
574.6726663429815 830.7756653955425
493.2411872383904 -239.12038279386815
85.30157874418906 1128.8611123492467
103.97340558628626 1094.3198037092222
1028.4096159077951 557.8832653969355
958.4515501002129 354.2402198732767
1394.4911920775426 182.11940651445605
906.3805690421775 1489.301274336784