438.61416021757987 912.6113848787653
271.1824362222803 841.7125870759306
1043.9731944065134 947.233949357545
434.0348174109715 577.4453474471258
662.3490388655604 924.8269762858272
667.2482251165721 922.1069701124446
121.5069118792441 998.9354540882814
487.1745941456943 430.6382830107411
292.64824271175735 874.1335194398346
422.75849345978884 525.7639395267747
347.4456448900005 702.8348990164083
909.957208116509 928.4438243789211
1007.7876594635425 912.7985693069849
746.9933963770579 909.0393548399007
208.0314321134426 958.6622042904963
203.58064275821167 944.0924421758402
437.83963072974973 463.7292413393283
1043.4849324757022 884.6815008591344
446.10615550508925 913.0198307543549
739.5826424100528 923.6055064722786
456.2089218908685 453.9570393024934
839.4139465411017 931.7470619234264
926.789545241971 924.8759525652738
297.55061171985193 778.6771237101758
285.7851260393713 803.1902982448752
454.92474707132135 475.7299660180307
1051.4535548779606 902.9750821735287
380.80691808378754 545.6592849921981
313.96874587440396 776.6069535122308
1049.9345649348277 944.5852757968472
408.2241627384472 577.7298008507826
431.77872751229523 462.05255799997104
471.55995534089135 404.2436073626602
359.9688508190072 686.9541750937952
1015.830653088788 951.0694407513938
246.06663397583063 880.4904330759209
397.0963618327033 597.3775073831274
119.40110159586197 988.2413295051819
254.81075404204253 822.0683619423677
497.6035017472762 391.42851077914975
279.615964633551 808.8544574318614
295.8262055366124 786.8456017029646
224.61571272924715 932.0887299856892
803.065534659194 913.4988852015633
340.6197138810544 772.0777752885484
288.6317494305845 837.2510385206742
591.5366751097724 926.865812290319
246.6448912531376 884.1057975016881
495.6516320713826 403.06320588835234
316.3294732006609 722.1502487640558
352.1919972562009 872.513114872092
261.3109153681519 904.7496097048464
397.68606709588363 592.02658347787
937.6247600010292 959.3780922384807
361.6641838328341 683.6792928410208
317.7341752031477 815.051937399589
262.84015622638464 834.625893163778
948.4168203679072 937.3626876616753
1034.6369102540255 914.6954407558397
260.3696144709712 880.9902820225761
1090.094538869066 828.2567940875463
1004.1078270284876 935.3262465056961
950.2635713791738 915.5848523396827
265.3799406546488 832.7158356896688
360.3976779775607 656.4425714134708
290.5431864378086 791.6850395972407
331.33042228337126 798.4814223767993
606.6464103058847 908.0293727067663
267.238992979927 803.5503049674595
344.50963910279296 715.6900848081522
810.941237910677 917.8973654355066
350.3618820991426 887.6427176979139
691.579890991719 908.7536170185826
179.51630696915737 962.8910358582424
466.54901057553064 482.1901062970587
431.68963595730406 505.9772960049307
986.5550885679928 943.1973729603269
288.4954994180834 808.7614529556918
281.6198141404979 785.6192144016369
265.9897424690937 884.9587045640199
260.7687658956459 885.4034692998963
486.35171045608195 378.0945505942275
455.35613201843194 451.88666990908393
478.2552083295624 404.51886397270033
321.1408467395913 779.8508061128518
340.4367042634293 719.9070207216639
252.28420888107925 924.0976751633141
743.8307594452091 897.1669266279442
462.5154009050886 430.6122577246413
196.93395161444906 970.3088538882454
568.8716059886593 902.6883061093022
403.25207149163595 556.869047378269
413.67159389515945 896.2311290924396
267.64226273628003 894.8173614740225
425.91401036924805 573.7179834550319
476.13440377591405 911.5710036037166
335.5274492657615 908.6056617605078
214.55760049646375 941.9669827748338
1043.0657622143951 910.1107425646118
1063.4933144721292 887.8199154180795
430.0284581044453 492.2450780140636
691.1956368227346 934.19075348875
343.2651886991743 721.7192377334522
387.25376327499634 596.2810264989934
435.40768564883007 485.34022571367035
433.57660962161077 886.372761618223
207.92863003179977 924.8119425164562
383.2178664660899 644.0168682423508
266.27758779990404 841.590347855625
282.74391192251613 886.3887845777073
894.9859497829401 920.3249708357185
356.3218547881331 621.8473041923374
839.083992465319 921.9449216842669
447.7062824017176 477.80032181700284
405.90298916969726 534.253440567637
1063.8004196453671 744.8517228869798
622.7226920751987 908.6325008609672
293.21062731294467 873.0855967447
397.7344694187649 585.6940271482493
361.26086277756605 923.3514861445077
762.1258303574919 926.4022449821972
296.7527406831565 884.402457961219
423.0231112672075 906.8995272761945
945.6556192092887 929.8811501683973
473.9654348906168 905.080747319887
314.7365695429846 764.4361267120407
497.6823557717534 380.514350307071
398.74572525450975 598.4106019031414
348.1722331328693 705.2424349965423
565.6565010785592 885.2637372696415
425.3128633805266 518.1303145694677
157.06572798187742 1005.8582304057956
274.51634338042976 900.5367534746678
538.4818590825032 921.1474369474327
343.28991883364245 888.8878634275496
365.3534801179949 647.6724372170818
377.68510975377035 648.3248928254179
513.5038188554424 377.2870791520048
180.2059087625915 949.6395477944824
657.9472863736602 911.9137426059144
419.0750129121795 529.0995294861045
279.07183304337167 894.5117318450136
898.9065434108529 958.4261918349277
163.16029394126426 993.5860286502756
477.0484687557686 403.3401942226891
1046.6286919491783 909.885105563542
287.12029833963214 833.3943891137808
1056.7169386814653 742.5262497599829
390.84589375346394 614.4545253975505
129.02093668787734 972.9357723311919
360.7367846594531 635.0570400173094
175.40514336469815 971.6348247930106
281.24360750486466 874.9108829571333
231.70537556596543 926.1844967857613
493.6968362408114 426.4763146667777
131.70718222712358 1000.8320960635207
1049.9872250008011 874.478346580708
779.8595387420539 918.2910230817371
512.0397777798612 394.6256556798549
323.1012873776756 773.9218367881437
436.7822556398799 901.5457889214713
377.0426351247468 595.4344410421452
255.21100827054704 864.4631059100702
447.8264572225718 478.79978007902093
369.99865832163425 616.4835778924304
1063.263474100802 881.5442032640991
286.5890417796747 833.6544780695596
674.8191413541308 927.9372490956941
201.30041715803307 976.3712673979245
670.253507155462 914.5468094311727
680.5626620440811 917.181348569379
317.9607028193443 745.8030082202266
249.64595848585998 846.9622116543721
150.17434217436437 975.4273772727499
402.12791252283284 564.7764421253422
234.66413215154083 893.1768377247275
747.1416366464117 929.0489916400628
850.0352694679548 917.7495065698533
494.32012749116865 913.0172961867844
269.54920871310907 886.8414501214309
267.52265527145295 842.8490020226322
236.31046047123755 897.9267410344464
476.5225263700035 380.3378836798789
1054.32632160876 793.7224414951515
237.5669365069752 933.829336756616
342.2866571722743 643.9160452279009
402.69502859722894 891.0359518361797
608.1020417055424 912.2049943251669
897.6581473591729 928.9042381678772
425.7361232283738 551.8158510928648
1012.5279895252315 868.2271981599472
356.7496956572075 654.8953733197851
322.74561909949904 790.4173414751821
798.5061063121593 914.4619666212369
739.2993933147138 940.37843518443
474.0896579630741 444.60800559580736
510.4349969241006 417.3210741579764
445.7322432065728 446.18175759669975
234.9008971248493 891.395834882354
355.23913046935644 668.1235042899893
364.5131328264968 641.5428348411857
355.6401185325425 908.5482553178463
371.6745810551242 908.8162022783436
481.69117706993995 391.23162907850485
275.1094531461566 872.5210077046481
1043.5940944644574 889.1696173372709
430.38181963398915 496.3873745464433
690.7878808195555 914.391970214041
272.46944714120013 893.211642215332
435.3405483923208 525.7444427785075
313.79316716274076 771.2169899526999
343.81368582237616 742.3510520618255
1078.4806778271804 775.6497138189102
940.5895903912829 929.1865534518738
437.2764580839115 535.607713939506
440.39341410184716 519.3014478596672
402.3390209083005 547.2086421048368
425.6526755241566 491.42970369464996
335.5507779610562 762.3801042832698
339.65555504808026 665.8825186959644
184.25278517005336 957.171792959688
534.1861842912937 916.5661295281262
271.8810597656542 855.2081944207325
218.20515457038755 947.1584349914948
198.20301613465728 984.3516967817583
463.3413978229456 454.7347210154974
213.26704893875896 931.4571486094502
403.2197053589533 640.0851254088052
776.6057367347148 917.8481397648922
481.72599682154095 425.0512431859295
349.6827208406875 689.3778152703461
345.1916784394959 673.370948740172
869.2779932886967 927.1943170004885
351.45315079280164 675.9864802950106
673.2570119329882 941.2700428256913
484.43356888900087 374.9151403176859
649.8265681588442 895.1448465456335
751.9695184001068 924.4144552865679
266.2016264414399 910.7041057039684
245.7667334724475 864.3878662674566
275.5316298344383 870.947320032586
1042.9719929553496 934.2205699445074
281.36370979821726 781.2564059556867
456.73916867825903 890.327496901032
618.4433704712227 925.169074097343
264.2236753532578 918.2692720347222
312.09071785888244 796.4028084014438
944.2837400483204 919.7630893019725
309.4816531727787 784.8123446956253
269.152948895279 910.972403398565
321.99072462641897 892.0963243100339
357.0810853798185 726.6878690351058
459.072461992702 448.2667878678692
186.5542966153253 984.8973494528557
305.27380822067664 764.6242682316852
172.02752509946265 962.2151036931705
384.2273754022316 624.3483872812498
397.4597552183067 562.2205289611616
283.32974324034507 859.2249545137076
345.3904782738782 648.974034675487
473.13190137418127 457.4631045288267
347.6950928333894 711.7866199806675
454.11264466185895 465.8435636966703
1065.089940767352 759.7791320249262
1083.6985531216098 745.2740681608016
1061.179329789696 926.1854575157074
470.29304403155135 497.7207577944602
281.81717478671976 845.1330526434618
288.31145448417993 789.5862893234275
715.854964780694 902.3106013444891
973.4828184021482 936.2602926054223
458.8319056736036 421.1398731060417
420.0373282030974 542.1215306469612
437.15923282487057 915.252832198855
535.0267949771503 910.7142059911536
496.33765361902005 404.5539687245538
378.99123419689164 587.8670196124153
360.19967938581027 701.5325536189307
447.28940510367494 420.07102346863496
443.3827615808311 465.2709154122688
406.5787393517121 539.9824146536922
398.702480504189 554.9321014045503
324.38333325139007 749.5914539297854
681.929878966043 914.7668615377872
296.22959904063686 732.0607824644043
1062.3493500344957 792.7133887701684
604.5326482136791 899.7190128186306
534.5383452819502 911.340668656277
1010.8548237791317 933.8801551628796
1049.533703578018 869.3607067567397
472.0135430233904 429.3317781768382
156.09562831876207 981.321449321665
289.7600609127332 896.7598196007275
314.71602679099414 771.6649803668922
350.84835462633623 653.011514691034
333.3100983365171 804.1363370905998
403.0134513769519 554.3972402193764
295.0198075726774 830.1713413520657
404.3616636640222 593.9893914244994
261.7626214378015 845.894002087252
617.4188698650447 931.5526022722804
632.7476113646135 926.5790351376786
822.5333098830175 928.4234025810993
980.3684774439496 952.5685435295152
1047.4930115159752 821.5753399077677
422.36631530258586 521.6842710458253
416.55886777800134 527.7504606890957
445.94674442405955 913.7023795054967
287.50727708160315 790.5230879466278
444.8284676192311 900.715312333257
276.3144764483514 846.9827878791383
316.2841657036451 804.75993501452
1051.1865138031794 883.5293903368223
233.50285862357586 928.2361432862368
552.3230403320144 900.4656649865159
1083.571743587463 735.7603910962034
399.86499242759805 918.3630134026804
190.9684126960636 954.9475706879132
1058.833056393795 735.5568549842081
361.71112637634457 682.3614025476658
769.2981087439848 918.7943727831639
333.2160164129532 742.4249339617621
1077.3006591706678 777.5600609756856
489.6703078718468 452.1844694665725
344.9852180814127 902.5633079556395
234.64779899510972 858.4184082174919
326.18093779664014 781.6002260579673
1064.2507044381312 887.1927948987629
878.9830949303449 941.3638445049364
414.39037803765405 894.6505124018157
324.33270756395683 714.1759396453863
615.3624808266572 907.5092269538275
426.9348428179582 468.37542879825617
181.32009884089734 968.4220095699471
429.460961358947 567.4489647988908
435.80649372680875 534.2508601590856
369.15319744657745 638.6278797905208
309.9151242966984 738.3522240024184
1025.0014478960363 939.0598276628396
384.25652969660314 593.3002640759784
271.36541426705884 835.8929276459711
369.8766588624471 683.3105793532178
1050.9175224149649 816.2580993104306
337.1808339783652 715.972932016866
834.5279687213466 907.0623457350606
475.08385227417045 909.6696890700741
411.3712829067315 903.4353533664237
372.99599048105495 683.9297316695324
416.2577269090348 892.6329363542267
347.1119315384566 679.166023068343
394.2716421137241 646.4548913125192
423.5483150999651 585.6475554875738
347.7361241249193 692.1438762320347
712.1357834960804 902.1456690136924
1045.2417518521206 820.9470656400215
845.5393879188993 926.0778865282174
794.1398842408382 926.4511945179455
348.67770534783597 671.4551888379734
294.31891005135316 801.509045724443
428.80650609434974 556.0032340323168
984.992481713617 928.0276568292948
870.870847596395 932.4214460503986
275.1939112360229 808.7067100918316
526.2015688158697 379.89227808607325
349.3311089921976 896.6240676489691
997.6604779171097 927.7577982995257
357.96519929729897 704.9375431333286
695.9157268102593 904.4170805773973
1077.1211883307124 862.7738694481258
1073.2906115951334 755.1088421457129
473.58755943195814 912.1414043311822
986.6766853807012 910.4310750051151
463.7114730588812 458.8511116341394
321.9739950252825 879.5542617187174
304.39469166640146 878.2168572514031
534.84231180453 892.2080444895313
340.38999968374475 685.162702843169
375.23130251022565 607.5541557232397
1072.4182303383852 715.9189425357335
679.784244614208 924.85717328303
537.6702926871747 900.1239780598413
403.8604555326348 582.3417793230662
322.1368695109065 752.0946974449158
368.80382722389027 711.2120567155333
569.1010704738037 932.2186860974431
724.5300226409697 933.7282545860816
320.4416032732282 715.2343572050868
1063.2964434453852 771.2935251995037
885.5924940185544 928.6642661601753
325.16593094893153 698.9278872329357
436.39704294811 529.534551531557
463.1331559890764 453.88614535768113
493.9145704766474 913.3176396789731
233.80574924268203 912.9561878648663
311.55954162952753 908.9145540011215
1051.211505937976 941.105940339763
482.9811613837733 393.23273387448097
1066.9051674617092 700.0673092453749
368.2758636967547 728.7806790272217
261.87542138228696 888.3456521942412
1046.6621197348811 936.2868642164357
1055.2785458004175 814.4275894264587
399.87146616516884 564.0593713908276
174.86052651641458 939.9659901205753
1062.478800879706 779.956448163278
506.63168415086864 354.8780877304945
485.6987166927285 390.14193538037927
305.3232003211558 753.9192425277902
322.70331003173874 671.0750929307892
420.52133000208744 499.4098314601786
220.51645356742463 917.4319474095132
320.2686127481185 692.0007503506456
975.8166652486714 918.0617854373968
373.9605753520497 889.3602312038713
478.69801702263834 419.80378564683855
460.2380372423193 503.0657926416108
388.59499837821767 602.7096650259675
467.5427106902787 429.18127951614633
304.44046095407566 843.9004275528797
363.84447584148455 698.5409980555901
1033.0319064256705 932.7282115807917
317.3343471266394 732.0465509119351
514.8814599170047 408.55072782088877
150.21275575615888 987.8237672702818
417.0038744130199 490.16771405649314
470.7506297501814 458.65578286864894
586.8433037600115 903.1335890533506
211.1555348671102 967.5720809355778
439.2399322081992 541.0490894181627
1041.3638341946587 758.9654808600093
1050.2111819334839 828.2922807726628
670.0183061753528 899.6193888842129
1033.069335862011 939.790066240664
735.0824967008439 937.6798855965019
1052.8314571117598 911.9718590367359
1023.3641011325624 939.3246967479672
520.6648583795414 414.36641156311407
424.5057705258002 474.5461606496181
429.1110726633805 478.491070057291
243.30673062341376 881.5933226749623
388.0926951569582 670.6011283352641
1030.1624830544624 887.7046089838678
923.3748138648239 956.5279391734032
458.931662639143 441.9811022490972
428.68983490561385 581.6201064107529
250.84410538980757 856.7531455614578
290.0444413225147 789.4997020188605
468.43451139201005 395.79432352554255
490.67774957409773 427.99798905839805
382.16882926623083 686.5853002763538
481.9478494395524 420.1283713690883
949.8737134176113 937.0557407060822
862.3805692372978 932.187707135357
240.16024611260224 909.1376741145907
455.62819952342755 484.6619378235672
470.0397162225541 472.5877565127729
267.5283818699665 848.3472545857151
307.49180415524427 890.7837681878055
260.25238278659504 885.4008946998786
184.79308030628738 970.6228197771538
360.61391037061514 684.9391141872699
800.4019439142482 922.7724646285445
367.9159781985768 899.0099286498418
368.5200651889015 736.3212167345638
429.0083339261882 511.63924840801855
585.3469515338095 920.8838157974404
1040.477328664398 943.9152500279713
449.09492021939127 426.8597053806314
359.7527352192663 660.4521424775145
364.9497152844164 675.1852818627233
913.9939933027902 926.118199199094
311.8677071895519 774.9706266520942
390.0854692747027 610.5480851646633
394.07288961072294 614.6026710468923
272.43608397330814 846.3607311540552
435.2188347083391 499.1144523970842
1026.8490253007665 933.914805390518
1073.209466661825 753.6371029093652
398.05187963925596 629.9598637750826
826.8452355410939 928.7533882917276
248.3276788181175 893.9552599353328
118.99577115328249 989.1284568474306
973.1632565320949 934.5927384764548
264.25349856957314 851.1899083727569
647.1001397878014 924.285213240409
336.7316324513512 746.9967183085082
321.28574352001084 691.6396160010012
1059.070895918092 762.8153213175599
394.3463084868339 910.8436778703233
556.798298674736 926.2223562896154
510.93723968700505 371.8326512109757
549.5349966130115 910.6236519217183
715.768111456246 888.4884036511003
282.65118696213136 863.6121677709863
278.3461498462442 757.5688456041275
455.5011665713787 434.10059965388444
507.4486011435689 399.16384592854155
357.54110221929926 677.705639750868
659.0568492051857 937.4930084926307
281.09437774385947 896.1357374924128
248.97032898208818 937.8192178108088
659.2820994432321 899.7546170085376
225.47093846628243 847.2061965369269
403.6066808526206 592.7876199474706
432.98296614504414 526.0886638043008
433.7838465416668 480.5819960692238
412.8784101449287 603.9925324256766
230.4801683036987 908.022039089493
833.5928739932535 925.5887037975205
499.97518481479773 924.7577977186611
341.27574158749985 703.4496525108035
619.3240538596642 899.3866714756223
196.46506920237258 936.1204056252005
353.27169733981344 690.5190471141792
414.98706180403434 907.5224868022706
275.182764728664 782.2054977211776
243.05777249799468 894.2681747118477
411.58208074354616 509.2501108543099
318.3245184302978 716.6904883358676
592.3645378328657 910.5369431614723
307.41492139459467 811.1147910536328
380.0419734199816 658.0058504554048
292.1636864600433 852.0044218543835
393.8300466762561 615.6170829396114
1087.1670264986383 738.758074770771
455.0219749268887 919.8310480955536
298.5471845486425 838.115029261419
421.7936133083325 547.2228867585305
340.920498107794 724.5183647121445
333.6839195377424 746.5450718891093
1045.3392473341107 880.1553128435091
506.0206781012392 385.2300582662052
701.5595258357027 900.9875002462257
1057.0853820063078 799.9689579594749
799.3692041908458 920.8829531148951
742.6902363484066 918.4568678669926
285.58067562303614 895.2785911778238
449.7632629183505 898.5299844768941
277.38808036114284 743.8204447201243
830.1235910395185 942.2026640677144
399.4495918039134 541.1366842048981
372.09233171111015 600.0953883799004
417.21267775222856 895.4990449010443
940.7484639610949 925.5669435821864
421.6695086902644 915.8853744584475
341.95959785649114 734.1270839430886
266.84568122201654 828.2711713654952
460.2838501859843 432.514822976083
372.29351320274446 653.2935853419046
729.5236239284028 901.42775139558
815.0004457202949 928.5877540261409
358.2832379742521 687.6851702162763
279.3813764603433 876.2483733455624
790.3359523991685 936.911234676552
1059.89214259713 810.9741549746853
420.91377651620786 905.4486600590217
1044.6150268819313 861.120213653752
275.4036083371771 927.3084502049979
404.25324506541983 594.8623331322119
304.0962738140045 758.8352097252741
365.04560853682943 710.2680462689992
1068.0949917280666 792.2026250552958
916.4545070089478 920.387420346105
459.03484893669923 435.42660401289226
764.8002051022239 906.9419852420591
276.4153049189978 841.446392950252
897.2517285059522 943.1978803854768
252.140100981873 901.7655377812266
448.47542383063535 895.6997183965774
1053.9860114202177 804.3724622324512
349.8415787344974 693.0214412609968
571.4704005185147 920.4742258501102
390.0739884450959 580.377593058778
433.7854016208787 545.7460210551992
344.25532293716964 709.1509466288866
278.2464276136819 868.9755394381106
858.735075614613 928.1431087806343
410.04356666871456 573.6813676269771
451.279866532445 488.1876397753735
715.7790532542396 915.7482895680095
435.0094376508343 503.3652064423856
802.1063586282229 932.1588248026537
326.1563779253791 898.3460638008677
1058.6059621923082 802.3678349038415
713.9262417507857 934.6819557141674
1077.1955573940363 751.616276177695
849.9140507956473 912.1853309614146
323.02586481970656 891.6981041370815
575.1340307793135 913.1442586274229
867.7751874380434 925.0760350069588
1061.727224261658 920.3384674791008
436.00534015374876 541.6020656228578
453.03852957301825 495.90511962311456
321.13462044510305 759.1302984316567
1056.2169419694426 891.2670550515828
671.620345513593 907.9714148685752
294.39286269399713 825.0852952097598
712.4154036764526 909.4083219948938
468.9317150116415 421.42494287046065
482.36933245066615 407.4524930462158
260.407230366765 906.5449559519082
379.6016027828092 574.1959413899096
831.1731608389265 931.1807489436477
382.24269200952796 609.4993176145761
342.02086971853527 685.9376338194588
905.3934177914015 906.3023886379837
520.9493080275331 902.8282580574227
289.7298734141098 820.0182053523738
326.1664452162617 749.7828469582886
414.0268951275975 536.9911734586308
331.75511244594395 722.9616479154187
360.79843663405165 637.965673293584
472.90776495887957 895.5440400884154
282.03635402052174 846.6081588621305
744.6495658790964 916.607484178885
298.5216052598028 717.7527575535995
410.2253431223577 524.2805214565059
375.6637398963179 673.3141560659163
275.93572581127654 886.3004980591162
451.18605324666015 470.00875588201063
338.24637327073845 725.584904931152
433.35282663194334 521.8052021914128
144.7628194018511 1016.5197878785399
1053.4523370619995 829.5603091728761
390.70008100420984 617.8531637943614
320.1591370611992 885.8386575179046
392.4183006227059 593.7390351574269
446.1484140505143 506.80740957803016
312.2844904442801 746.8139444554944
655.4310201739864 910.3289306263795
389.9342053789717 585.9955479577393
390.8537106067049 578.2149353266939
269.2677341886825 898.1064185494956
1064.7736121115136 826.9262249563712
1044.6522170072913 866.1639749219206
440.55060041532374 885.0638225480503
298.6407263262999 772.0821895440581
293.5450518952034 833.8902535539291
406.37493279423234 604.2003108445747
359.1213696906502 697.1486912272403
746.8795176347778 918.4242897983142
270.26651408615544 891.3870029438907
226.82436747869056 922.8173774368602
681.684570195397 900.6719415231405
309.86977284200395 742.2280523801093
536.4842379572169 907.805407704894
853.5523694855782 927.1918926469107
192.31941284194997 947.8323753895003
415.7670561433027 527.9516047046433
444.3138964004422 465.92360437239114
503.74853775735284 378.05318615383493
226.29422615062134 940.7210088096651
1089.5008281524647 767.4988612020182
479.07196164208506 396.45478070089735
1043.995671154573 890.5558554628634
805.6903530678563 928.9693724102723
486.8833504563303 913.8244333330246
746.489104324384 914.1866546971613
427.382529264685 510.2358195662848
400.47700931808055 574.3274285405979
355.15683216942574 709.0429503958445
337.55997050356837 749.871893078797
973.0050178184484 930.617684675599
325.77646102525335 781.426564435602
401.0697389886466 570.672752843604
490.36722533294346 390.62589227548284
333.7640898025874 753.9050667212019
267.1763762917764 822.1414610613731
398.69181175772013 571.5816639329431
431.0003631516618 537.5638367488183
316.11543076991245 889.6233559591286
395.9082979623276 600.5489207889748
1044.586713558147 907.7815373088608
390.57833462989277 620.3177584653378
464.2055030102765 428.29237733144066
640.7032048111681 923.7077195495365
533.8335931148342 908.8384736675761
682.3143578699578 905.9781362772512
399.6110745655202 610.7467247295518
779.0828371543498 918.2743045091643
338.7988906160429 708.8983521810079
1062.8899685991994 747.7976900775639
422.0378206428702 516.0610132772654
450.30020767878534 483.0166129976974
1061.2435389888426 746.2071402925206
359.7771736916738 666.1912335651468
146.67384922828788 986.3284839836615
1073.555000548219 744.397272761528
296.26706987658264 814.6754644827757
483.7248160453068 908.710100395849
531.7685503419181 901.1103236011032
380.8450863525246 600.1616456431068
1060.9499069791423 719.4943899556994
774.759212604809 922.2840030366043
271.5934417703825 837.3517709989418
809.5792301022377 946.6955008286017
403.08757095864513 542.1193527843666
454.4351456472127 495.119954585084
393.58791482748177 913.3870058463974
1058.5511264734362 927.1820694834672
455.6168632851884 473.0983780352021
358.8304835560871 655.9031503543742
1025.3862895055331 897.0819392775022
796.0346989625078 933.6003281288537
239.9007423216631 887.3670450563278
380.43770577824023 859.4253426618501
1080.849392390777 751.8427207065798
194.72453063876205 935.9438468272382
1051.6752109931535 839.2131447004326
266.59997920139926 924.0855725673073
445.8112963176194 528.1820135435868
313.89537820776064 784.3879765040091
450.31861470835685 441.4666300874377
470.8160988693556 433.7481219399173
297.4127080701198 764.1637188775788
440.67111434023104 480.53433847570983
442.7933055580599 520.8197515019677
1048.6462297119751 783.4108616786173
427.49707528712594 504.7304490140307
732.5708507168563 903.6110650193694
700.3529958796975 919.0582945170366
239.22093619233385 905.0242617966915
266.26686564522953 794.4103002129667
391.19227615016854 613.8633058475149
337.7741118696079 718.3977086538132
972.4040236816708 942.6222798514453
448.1848800270373 471.8037540939687
493.57639445980243 401.3579299873677
269.06151894318793 797.4090449801669
376.77054221631573 673.7214579983189
1063.6683952002616 739.209372795144
476.4622213540065 392.7944022438067
433.5445679255261 530.9132109442968
510.3208583775872 919.229679485846
869.268715113319 929.9966038466417
365.0282928652474 902.6031049171794
1034.4675844653646 801.5789166385109
429.61392411478295 516.0432514617753
381.578085622902 603.007137783038
432.6526837627192 512.9309054473035
298.23036828991206 801.6911612744334
769.4888858310645 915.9023610255812
412.83544799271414 567.1234248511001
193.18351113893806 966.1305608996151
511.84080579174923 389.47360807551746
214.81111931675736 936.7880120479139
937.868615022656 930.5735339636018
1045.01352870294 901.8430320131051
277.21637108227486 854.7209616128717
367.10327943917287 654.4887388016476
778.2661110309251 927.6894041444626
332.14270416544093 705.8581718169628
434.3120653601203 571.4151757254331
954.2054858869162 928.9420350434453
411.8348277205284 563.2833286047357
811.8937831923047 887.0429678404886
371.1666375873145 628.6940565576275
252.6644797762913 894.1237481354735
407.8551954268494 910.3493324893235
251.2212240838139 860.5568768220279
985.1992043955248 911.9235110027608
488.0941572598723 422.87064612920506
414.174230123983 528.7242735410122
937.486295302052 914.5549643837578
307.8424451455791 799.0872940245711
426.462620280623 487.9711386932166
682.021969492471 922.8120488055602
400.1013997227371 580.2497849331617
373.07056847740677 906.0715133355656
634.0605511120824 899.9989736668468
312.61258879274476 757.5151572719814
471.64418112897937 461.0578488353549
976.0140498075829 920.5372433720662
681.3729516638933 925.4371465401867
797.1448022288976 920.577191120802
693.1617297211582 924.8411222759967
301.85644724882326 760.2448445334944
942.3207844952302 937.0498702104621
402.00085463085605 913.1796843751661
328.9833117936014 779.0661268529566
378.91337246092957 893.8711266111503
297.20302129782954 838.3208231752968
818.971979774485 938.7372816808179
313.7356017008273 745.5519212616996
214.0886714819652 905.6581366316686
219.2381775966333 920.0503855429412
293.2503071957696 832.4281179490823
634.6154763951013 925.2703695864199
279.1793325230354 893.1465452394633
395.28729153615717 609.286614357318
723.2641187074896 889.2141183345768
233.35100304883224 895.06014775918
476.82419211878516 907.2557550485795
411.3144825678771 908.9171364544477
765.5406592942016 916.1869391489893
1066.977860369056 836.6592174995519
456.34043791552864 504.21942030439277
232.4637063598627 920.5328878728131
657.0103121338155 906.2886400237738
444.51723297826504 506.0893696765239
469.6032187171581 412.38666393563904
914.6897146833459 944.0458828780831
349.232880716013 724.3744001504492
348.1553618849397 869.1490750022298
176.96338233266005 962.0164486177655
381.00536422470014 617.7092470026911
353.9577066414861 709.2064613728156
287.4014507089593 838.398614488153
615.2041363411641 903.3486225766015
459.77057028964015 480.1763261471572
405.0004859792112 618.6363904942577
291.91908148480474 826.4939068259068
285.2293444498437 825.7576333384609
430.9781167619596 906.1506551169955
421.54276437930923 555.3624557836234
339.3856853670027 745.5673689072324
464.79466777622076 452.655069317234
782.1295690705491 902.6128720238007
352.2689408961458 907.1287494698281
397.1118426949887 660.9672867225574
322.6663075562348 856.6771265759305
181.81852842357318 960.7394888340928
314.4200361774789 731.9196658680676
364.9415020197019 623.2251624798193
281.8388706759838 804.0955966139823
302.1002757466663 762.5609515420273
979.0644537533142 923.360044724929
456.32833553562915 417.79244013064834
939.6039622906852 938.3936178316399
1056.2079646105446 804.1162093424194
486.69813384227365 439.45358974807067
409.27156551341363 547.8420807053159
375.79674845558 658.6183455774959
536.4385009217377 893.2429022068484
212.14685703779077 952.9409357890496
253.88201665802626 847.9930610699621
1016.152565860519 942.8405829384336
294.60901018205817 883.9438848724444
301.6148579418289 845.6131986127109
278.62977962595653 805.8821930783844
253.5771511387365 897.2181100025257
1065.3432581419443 864.1198423192742
874.1777885220691 928.1747113008062
492.9014304706595 924.4177313162731
469.5415371174275 414.64920086426406
286.3168751371951 793.4758069493713
1036.3335888432243 849.6553859830121
463.6409641904123 428.78715218984684
701.0660597278138 945.0373728842236
244.70376887389608 846.7400895642187
166.5833077670297 972.0519032728376
136.14495814632184 1014.7344932162488
334.98338894217994 691.0672512843822
858.8099987944171 923.5820009034074
323.55400197141216 742.1792705925075
387.4429339832034 888.5985848394812
386.01310320717437 614.866806483876
290.5443273116445 825.9214144706679
1068.0861310678292 854.5346831944756
259.0937449202566 886.8998102466848
442.7010823988859 438.9890628797984
287.6727999916668 803.6289069198939
383.371469232406 894.7195350623235
323.495326769227 687.1771477725515
434.760584676494 514.6425462487402
476.5951366000332 405.1376376064478
900.8663366512312 932.5671554600516
331.530129103469 718.3909690063008
468.6633278344733 421.63196846842607
409.5277433689386 601.2743604360953
225.88492337882474 918.8991733982771
714.7765275465772 904.6796306789125
356.6497966490763 722.8421940409659
944.5578326381539 943.7405590339254
323.87362401507824 756.1501298479925
303.1569578215176 827.8188237031428
167.26465439133204 960.5560062078455
383.06554532765426 616.1502522604624
1052.0333759039152 791.1404025622654
343.15885272343473 716.7973594485625
441.10841591365937 494.7507645598054
284.41107224233696 793.416971499221
331.32497695750124 672.3130548149028
470.09389351092716 914.6418776398605
279.39508069905315 847.4801359327146
357.0760492002573 690.8875786786551
267.8752940166484 872.7750036531214
168.56943503530647 937.8784290721364
346.9092184053013 729.5898606379169
1089.369411103401 778.282397878133
224.67085769958507 936.6697378660232
351.3282707187132 707.6670310089715
1054.460172343086 766.8696881190921
232.5203351688507 934.0856778552837
1060.7758779844128 871.622694325729
464.9530729201835 469.5071634952222
966.5783452727431 931.1059301297207
296.47361958681887 827.8469047764056
389.35924473311843 622.4477052587326
322.0333431120078 736.8401353558676
496.94795992942176 408.3841320215489
293.2943984788597 832.6694674942279
389.157047431179 614.7057886123345
1000.7735562122774 924.3188092440889
1024.4400432464965 829.9592463663922
343.886425114573 702.3520162389212
284.5689297631426 859.0446919960899
381.925918993007 671.9096916701242
255.3079830003377 888.9082555647303
313.42184487291144 784.0489824879969
214.83672678051818 921.9910030736428
283.9744956275578 876.4669295521743
328.69966702890474 668.4023611347129
319.1740650737501 913.3182022866974
144.27003467775393 986.0368224435271
480.68567097105307 500.299172467031
1059.6851511068576 790.3646990224433
345.4971729021754 705.189423225923
454.5760690633703 912.0245876510883
373.82799336485186 610.1994474965913
302.6409142741291 739.8506199968996
320.8431590215644 819.64627831018
452.4097056401138 478.2134425980126
395.78260483557034 598.239578253475
306.0642744420752 882.1913234404369
584.8377882175283 901.663876254718
981.1213098793717 943.9484852787159
408.6940512344543 539.8851420006795
1047.4296368523787 822.1729528172347
355.05631744241026 635.9396303647666
473.76245185173946 429.9176465777482
315.35208097909805 782.1138757551422
470.23405082441474 911.8548662439916
340.4817418483629 674.6663912227623
1058.402883822079 792.4807000982385
500.56145908143134 413.3852313981121
1057.0683062062985 896.1369244158216
330.5162277787976 742.8442139450323
973.2034408543026 933.6495338147408
711.1190178842916 908.1418142557429
1043.0154314896338 916.9948358599706
1079.1929107143055 826.074834744132
340.3909928126604 686.8137952330176
166.74820458657268 981.0787208626707
430.6588487274075 519.1008520535424
215.38254676771433 913.9633790915506
393.84219928336 591.1209027680769
458.1376480652276 523.5131446998421
346.8951946490812 703.530922205419
952.4939346477755 946.5518046116763
481.9906128901579 402.7590681520338
437.65441404190153 467.53264713528273
511.70211713391916 917.795597719434
370.381648395628 903.1925547535621
1010.4126029086189 945.3128677609154
392.9332692080052 908.5301164684577
252.75001699952023 889.8697199567082
326.13138130832823 887.9946436727045
389.51501299406664 653.2201272776826
266.58036682901417 843.5031888855104
599.7140252097756 908.8993953877392
570.2928430832065 926.3831660095361
450.6093155263696 441.40674856649986
360.851187906767 621.506060982017
1039.4392422275528 843.5495005394794
309.76542165236793 792.3653705173904
1078.761771141027 817.9381971416368
198.03419920499033 949.5157375968439
1082.4673786086862 730.7251487359891
762.0223694412518 920.9584451110842
465.9495597578144 437.6609525811863
462.96591870074167 432.53252143928734
283.3390120604574 898.398781538619
1083.190894292306 764.4553087612841
528.0915012658957 367.46985563286705
457.5089075728509 489.1872947824872
803.6439479750859 956.8588217622529
229.60919654272263 927.0538116538277
282.83652250622265 804.2969350687689
425.6090191118725 546.8962999880146
700.4363957485543 898.2929230401215
742.2654602540299 921.284624557497
364.0417220841898 676.4135044714247
344.73847391637537 909.3950056447584
306.4614244044156 892.8408380141807
261.3337550858946 853.2925895832769
281.1118336751166 861.4111507663882
403.2138525969478 488.1809646970293
622.5054261918991 904.943859362878
391.375712611654 626.8847480309925
419.84558072266725 552.483252192328
799.4412385348779 916.711960832775
313.6109076098875 734.664077563512
365.3412741416431 636.8623839916568
831.4716219097581 894.5060885951464
303.3054579844018 816.3122371300174
371.3448170770529 606.864530419603
316.0617778952852 720.4075349746059
1072.0871453309212 753.3324124733649
543.6681316535166 924.6843657726596
288.3062337612543 754.9669852389704
328.09492880583724 806.6957127673948
284.124930994023 885.109195360892
445.941370930878 474.23778239403754
473.87344387526434 903.0720326334966
425.85332867531287 528.0672961144742
487.9278555346299 405.45417038641426
489.9702921329014 396.702165591732
444.3182924377522 915.1122423192696
217.44781212703478 918.9104377134362
1034.5368841718307 948.4270256680353
266.2330408261084 844.5417175358984
386.833033190258 604.6676476174598
344.5943605565357 681.6613761477593
260.42068097000157 914.8770698620293
465.4931192696279 498.0942944607728
1063.9132636058864 897.0013115167027
1041.1555202573331 932.0150666237254
427.656338337003 533.1791984483106
190.3844646827242 945.0040977244147
394.16897296563684 604.0579403520227
181.61396921519204 987.2401159995964
481.8998173376046 440.7221345388626
522.259665118502 894.6058519646145
585.1451476743439 905.055927886249
446.0960625486571 461.0977563765003
820.8211731004343 933.9098771578664
1044.8960618442572 794.3561924032632
293.977454790855 868.7594407602498
436.377477429219 506.4106117462621
335.31539534494596 738.3818022286447
301.4352472974324 825.5187160153041
946.9307830065233 944.467713499871
425.01551338213545 466.63265363532
178.08790400486586 950.62762735418
777.0272995758909 917.1280900686453
1059.9487347700097 775.5994179040724
426.2505411919604 546.1044502783784
380.43639763771273 632.2677698080643
333.98680574712074 895.6419628577376
752.7497217650625 920.0276807089824
242.16292681747436 902.6066850078249
305.37188363073267 798.0158356271849
387.3668464003116 556.7616464984551
361.40372482903786 691.6231217162477
283.70223738884306 850.5275963089756
864.081072233371 930.2078703703819
396.5394223091288 901.5370057007813
606.4350925800436 920.2510124463585
897.5295751317389 925.6091647960744
240.15647968797666 911.7842638131361
389.2813362167909 600.1509719714747
307.98093853517037 825.1723695263611
289.9701282878163 776.8632982874965
368.5620095919461 723.2518593688926
292.6966891209818 827.7068885647334
427.7183361153475 543.0684754473612
316.75606019515493 762.0695321509019
426.7325936261222 552.1902522284395
185.1072113383513 955.3777104882827
229.35535854779698 862.5102211394586
215.6462266633153 942.8873185633005
269.51799072606855 834.9764588614962
463.2235800329524 386.6743362244308
278.71794651188753 847.6211413602251
365.1594593991362 583.2481287501347
1086.1242049269342 733.5009907397365
280.13707073619287 854.444720773101
492.30317130210165 907.892080566678
870.7455619908501 902.5918391466747
1073.2741350280548 754.727000953836
461.46083663900004 895.7903690772754
314.3134132093695 893.5641425449659
908.6528419413198 928.5407760076907
268.8001953222504 879.5379891259761
390.283719714239 633.6889938352598
278.91855460283745 897.7735207011452
396.597140820676 631.5261957854214
726.4773445887779 927.1478908851112
274.115563471545 883.5207928961967
719.9556896067833 926.8354065010974
474.29325858053215 398.97920669935934
286.18417191132147 799.3110767652759
429.3190113349615 490.6087048939784
942.294978339946 914.0942967585512
356.76168526544603 696.2932482187572
252.26480475785326 875.6707504153123
296.6831571295281 794.0906073124704
405.8463896622955 577.2585779001871
991.8855009673359 929.8412408596381
294.9235755634479 813.1450438787292
202.53828060116712 937.1555262305441
414.0085136637578 557.4913768240228
1049.7368056389494 880.2929445108438
1022.0938358493528 930.7859481000972
298.19454216058807 772.6546932323363
379.4164136254706 620.7887213090847
501.1252255022696 895.0619021321965
971.2814324776881 934.2076093635371
386.8248658745235 599.384874461038
462.13250847411166 377.30883992403255
297.9333684454846 742.9037536860034
428.50502685221494 587.0975493164699
416.6620312570681 535.9994935325811
375.1945175346247 892.7628171120112
374.0807459169286 909.8833408329862
461.39071238463043 395.151589289928
262.22653083939434 876.7931859339192
444.3376244260485 500.91871807341124
240.043405536312 864.9599517582634
775.664819303354 947.5369732756251
850.3011870304305 931.1842386692928
250.15709256595002 893.355077907429
416.35518765388844 585.7024905421802
464.90054957625847 406.48390931607526
311.2526915008874 866.3167179442519
403.71262466320076 523.8863209490596
346.4458386345245 661.1918749071467
278.15568783972975 847.7501589759214
305.53007849586686 897.8558413444784
1044.715047054062 828.4970947430896
300.05287627959586 830.4641397539015
1095.4859744795385 804.7171706629196
482.35489826176257 396.10400456319854
469.49197343850386 403.53652207772365
348.81515376239145 684.400531465984
234.81697212926431 886.5081854539808
1037.4994341645572 944.8110558535352
372.97137926964047 652.0785132591332
1053.8160658264828 827.014052101328
728.3132614183414 928.1048546092827
383.3967489687002 894.1190195750696
376.7162224489983 655.0684046026913
358.6968054965746 666.3343523897194
401.45427139752576 589.2870214490131
262.67397664443644 865.5890958870611
871.557622458432 925.0180194356327
245.9880144937779 870.1516823220467
246.0877988745625 814.5421985120782
844.0398739599059 934.8219433593355
347.1000268941149 906.8058885156487
1038.2428625915295 835.8170867318855
340.7469783817641 726.1123917585153
232.70553568161088 936.7782080228637
725.804711540453 925.7664203426092
277.34539765297984 896.4793151219915
503.45043978756826 378.3658728520787
269.86733245615727 833.4167505620807
1050.5428033191517 843.3110629799196
174.86738435327152 944.9848234321598
244.67293584862338 891.3222768646579
472.53747718689965 408.46455513790283
906.9252349163373 939.4259595507826
361.76922993446846 897.7669361291197
394.2018372775894 601.9433328872311
518.1050829822193 878.6358544629478
840.6536425801619 921.2058266004245
1053.6541716833028 863.3353797712824
351.5044753315268 684.9370037481657
1018.1032398490033 922.7592445431798
405.0042184208941 539.9783577693242
422.961174737878 906.176448796472
431.5162477763759 575.1179869530514
391.8833486454744 642.6407966708605
873.3724678391113 936.0263947055187
356.6821921605476 689.5220967604038
1022.7395086436659 922.5818366179793
264.67232249109304 862.9610209616434
410.3211834314842 524.0838059925651
415.32465518740395 883.0467515531539
364.5588081664936 638.5587265451512
252.13302746018323 883.8997496450866
625.509547959583 919.3461356895091
307.359609477328 763.9557855677849
442.20469876318185 488.75370971011614
1052.8780824009211 866.4954541130472
222.813153149335 943.6298411677142
319.1132164967667 765.8666592313148
350.212641854668 757.0168525908772
461.97191944417983 490.5460994296497
264.8405084780278 919.9604279717121
581.4048994629726 921.0921505371408
191.9896998554567 923.9532215602235
474.80762758322214 441.3619788799303
1040.0126304173857 879.63560564115
403.46445186583423 597.8669990890755
295.96576529151713 822.6914768391642
1044.3731950259419 824.553254267577
1062.2140892771317 880.9048394487927
925.7474718615596 924.6420890280776
665.6319763586527 925.8248083583433
247.37249839547857 897.6357988409028
263.94861834015404 886.5124852823214
450.5472719846789 499.6350428952897
1049.8587870965982 906.8412885637925
520.2887596006397 421.45419929278955
328.88952613034775 740.7334489031653
518.0551345882626 907.4330773482176
165.2212840247956 981.053446097344
242.20887909327888 886.3765640834571
1058.9154123738303 913.7776653564507
545.1569855959061 885.7964189826123
529.6937743521712 876.2450747298988
312.66682960807964 829.2885964168946
1046.3351676604457 807.4006026985917
393.6771726786205 633.5508955634881
489.8321855262203 923.824108293568
320.6484603269909 737.4748259573298
269.7152354216037 839.0656891170066
367.7277218673694 650.5527865584558
987.0440385704409 923.1409158100579
292.9704128453429 878.5750444601986
1061.3927801897448 885.5811946516096
436.66431227337137 469.55286359257985
857.3752369058682 927.8283715635839
265.32494653334004 851.979834306736
392.38167162938487 587.3137776312838
349.0420781232016 723.0495960477259
826.9327665444167 920.6247648535717
342.41690097095636 898.1485637685804
165.60971540547888 973.137875189793
969.904631383728 931.1997558317325
287.7098787605235 789.6644602819274
918.0421024992226 939.4602328416642
1048.9733375568721 766.5140182158435
195.45956198590042 900.5557966618726
323.3732126756541 734.2692077616742
442.06516642218253 467.47047431073173
424.38445444500655 514.6086407004897
282.8926989300635 825.7758425970388
887.4033588574171 952.336020968013
230.39559821580355 922.7146597555985
618.8714425876394 894.5936834994468
1082.3266494098032 787.7031238582667
316.91827584498907 819.9385462050815
239.59688981009148 908.0699477750269
878.4871510382893 931.4772281527189
263.61349703719003 885.5147386992585
352.73169576047326 730.1097698383794
408.2350911694108 902.6469757533866
294.2247439160081 822.5910737715067
365.4132212214993 905.6570901401992
422.3246990476241 519.1112216990052
417.73990060095537 891.6815672629808
545.7254118767344 894.5427363046397
313.15735135573465 830.0044760848646
392.7295470975504 617.1998697927733
329.0497266161041 719.0478257275159
508.61727067817867 415.7554393604796
286.56340950688366 824.0751693258663
723.6052280191172 934.1591692051264
291.43130438326034 856.3166971633731
290.92163950707436 804.1900157289209
235.60668618768332 922.748121136883
419.5077943397655 531.1715351712031
483.6256571231 465.11697437671677
579.0193120028898 907.5062931706901
771.6505494112189 921.2786445469973
360.3150924222547 635.701203077231
433.80586107588164 899.9127429117569
669.0854080527297 919.778656952846
490.0652657682757 377.3705299298758
563.3397868486375 894.0873600318043
460.19892789717375 411.5057873240777
391.5604846916706 624.9908683587719
485.41485802839145 405.2484210607155
224.1983338667667 904.7508013251756
290.7451500613534 778.9654990341255
131.137135371339 1009.4417197201408
485.561089555694 413.2449349434507
819.6718798093548 944.5495609306076
448.18908160425497 516.1821821148015
327.7080939625757 780.189700727625
918.3476651708802 928.9861678452407
1062.9859276799946 946.9241100297213
1008.6260565036259 929.6035185681241
491.4372390690091 426.7076363438057
235.35401149684876 902.8970017940865
1002.1598711658862 936.5403592633453
696.2767221958904 895.5681940965338
262.44639820124115 865.3142022332363
776.507455692494 899.6722167489064
257.84224894518223 896.149265899524
1064.3616265019389 739.6773541060469
321.14886011546673 735.005430464559
257.5625662870377 869.1525206617184
295.2771266101884 902.8263754261073
284.8403127168209 775.0936815922772
416.8935650043089 541.6166067001997
364.5326381902779 664.3331954187503
290.1181690354291 889.2432676267995
468.90412435620743 462.6548117892904
472.18560809584557 472.3669925713909
498.46846090432166 372.0057348255446
412.44932618298304 576.9450867554069
690.3459940434994 897.4313295729662
390.6573492037053 614.230385556618
277.59668791996944 900.0280777001444
257.0194216666801 890.852516716887
869.2963410717855 925.6858692201862
487.8740075570505 405.053367158178
508.59446080993985 382.58899441146605
249.65670000886448 881.3095374042796
479.1622621683542 427.28084087091355
295.20061360557304 798.9271775662125
498.58161684053516 386.34246270966264
827.9503591408833 928.0555078052472
1046.7579599832627 826.7757153947537
393.47555340421474 595.6342890193685
274.3626105831597 897.4255370327654
514.8626940693517 917.206992446859
362.6856883627324 702.3677631869372
286.2205073741469 745.0958068406389
845.3206839912515 918.4185694221785
313.7823008333018 881.3811951712738
365.03125845320426 664.1340667147615
362.50946945389245 902.6291394492199
1048.991712015083 757.5569078433778
318.20321253260255 880.5004767193689
452.0923219645422 448.2726947435611
1052.2704623794561 751.5980038006381
164.72948975055823 961.7947883911771
982.8227371097748 955.1889455851945
960.236264992388 936.6096480668592
1073.9483938753694 776.9734226764602
496.68293093768847 882.5717154374713
498.68156447196566 390.91420613241854
402.7349739761508 601.3815892438571
452.0986250935504 475.93827410505895
328.63238031925465 742.1227393436184
323.4642039136398 767.8270293490821
374.56965047381817 619.3595378128792
272.8120723787772 900.5911090491693
291.29027339441956 845.6418821164295
369.90819023228727 652.9080047378859
279.6252981533576 783.686950252226
410.80482544812685 883.565105555781
425.33512641235166 505.88625506395624
193.27246540903593 969.0299701891593
418.37224163281775 587.5846881866687
402.55774698348876 568.8705796348402
881.1343347933704 943.3727447671401
458.0253242401802 494.7835463399689
328.70866870869577 756.7669704772237
1052.49756308857 867.8139349639332
416.9544962378553 906.8289546321404
1030.4012407544253 882.9509958166783
214.8183996485462 926.1057358545613
1039.9317982941357 900.130848211089
469.15877142684946 435.71180096064955
184.35031054370057 953.9346835296634
482.8317587152399 400.61229797045723
507.28733831816237 902.4214374075359
382.8197720036223 608.8929248016237
513.1799282565642 376.5671004729895
178.90049375334166 977.6762622056349
814.1905789417145 926.917442524353
356.9844572042025 668.7248663187567
418.0786455672111 906.3339897550571
723.0471445315178 937.8898428671698
666.1034790952065 897.4631078482855
981.2558248871829 918.6670089190766
260.3098721131869 842.130357185049
620.3879424956086 927.192185980411
903.7307433466339 923.0626900038196
393.3575556567488 887.2958987468166
719.0931565602199 903.8376758757406
435.96234638068063 486.79748888687027
808.0940286231784 921.7660035621907
455.1312599750593 435.1143027009696
268.8436130194822 791.7903572086285
996.8284160205457 945.727617745753
689.8520765314387 904.1212530302076
264.75476575859267 909.5022652490856
864.6498601877104 933.7964728455752
410.9299273532886 523.2322206796938
136.5614238907998 992.4643539279957
335.14122459401614 785.7380328043964
347.0411836817987 709.1577370785997
809.4680103209769 916.0396321262277
466.7828904170648 460.94560284445834
412.1565492636446 608.2980793657164
458.40911625075756 458.9168070753382
662.2076390237664 915.6914596668795
272.0296403114621 858.7368392013738
852.5609143974925 920.2187354853833
1026.491429794348 890.9024889944582
338.93327028079153 700.2400647324279
399.09779546464017 898.202563807964
1053.932782751743 917.5814380913308
480.3882132342217 457.39014253318425
316.62690824736035 793.9289009176695
375.88432807102197 634.1609090257468
486.1673423024429 403.9579477711906
271.78417833439215 885.5224015826641
479.14260829347637 912.1036893118765
299.6537536675289 765.1768964285266
453.2942985493827 518.0302173074955
831.2212421333111 938.9041751127972
465.26679555818765 461.27301884809606
1006.6279171303805 928.3913576090099
283.8468999399572 877.9619691504719
769.76967377899 901.083624613133
959.8708828752542 933.0946715840649
550.2984765811176 927.217545479499
1046.7281175240485 844.1331414120202
816.1900669798795 900.9394315871426
449.89163850364105 525.8613202473765
432.6586231350235 485.2561730733829
413.4851455144278 542.6841166875248
457.8614104122095 454.763205112656
270.16926803908905 898.4234507560591
321.4854594336653 712.9810684378413
422.0806555138068 581.350798588369
339.9320838526619 779.4953396004137
270.53111472355937 887.0247318973431
374.5246451013154 907.9666627135701
323.4229670663097 890.5427190199831
473.26843407124284 929.7998736748418
544.8211794665795 915.3215922760909
776.1795212250327 915.3465164252426
269.8822203409264 889.29913469126
448.9324373541669 483.66491888465833
256.62052145351527 847.879068794234
249.53459647900158 921.7694575366443
422.79744224071686 527.6033117385075
286.37616017048276 821.0577250025742
498.4601331754373 441.64520508188275
1011.1309360837473 945.0544757363053
945.3783518583756 943.4949695803306
348.1435067518867 732.3838165653508
1060.734178187734 825.4934077948686
396.91075061554 555.4241428597992
312.37613046546466 798.271315749458
228.1402843437051 943.0091343130359
1070.4926677602791 750.6315550241411
282.37038447732374 874.3740272362949
646.0726599336728 913.684459485456
258.42574979426803 921.5867647873597
338.26547570686756 707.3818507757284
412.5451084176156 617.6495382959131
1042.7353519395565 897.5989349519184
1040.2228427013881 900.4413720974237
801.0726988432859 923.3370257691212
206.53737761567717 960.5710416057696
411.85326817575543 895.2795310362093
425.5325171032223 568.451740601379
342.1498388485227 667.1126798588914
246.76591201839713 880.1173599145395
375.4902303230291 639.3388197207198
371.8508400112407 699.316487315697
552.1290473750838 910.457974298625
491.9175687750284 903.7296138854352
416.3769515172006 480.63689265174133
259.0170072958234 903.5761046044618
267.10329307258024 849.2084760728685
806.90010234984 931.8759250225216
950.7470738342345 930.4061925322048
512.5410718456935 390.5521769315583
332.5198972104668 699.3112301385426
454.35926700027863 896.9752606434146
488.6277506746885 911.4883825567871
291.5360250449478 811.14538913173
322.3191353122696 884.812952175476
511.3383866713894 914.6618852368192
479.92431747475814 915.6409572713299
314.93867393577904 810.6170061738698
408.57652877302786 551.8002413409072
377.51134758806637 633.1496736799971
456.1602694451549 501.1415887364594
933.8285541345779 906.5924250126611
430.87629290329636 488.1690458123224
507.6219671967665 905.4698732173581
321.27315819347876 680.2661903108161
467.7002353381322 878.5516601479769
253.88935778989563 901.6838395265108
275.7613029911434 847.3807771372476
425.48141552860324 501.56625824031676
1061.2550601856599 834.2372620095981
135.88351426773613 986.1531093704461
802.0395310513973 908.7468748695181
407.38822281106167 906.2304068565
266.9266665862086 820.3832186087711
422.6881315078799 905.4944630084284
266.0613031018892 904.8807125561651
463.0444519493548 485.1409587262432
321.07189560513916 734.3671463427833
442.1687740701761 539.4317469404978
387.2634182209706 574.8941910799234
353.8795214674617 661.0404010156367
261.99544694308867 854.456542374432
1085.6906000671647 756.2528524068276
310.1720420762942 842.4644159560854
1055.08198328665 903.531327747629
503.8909376717552 903.1501826403927
333.08102738970706 888.697310462142
291.63537194759147 774.7115724785916
367.9860234777963 623.1689188190973
295.103162941082 904.2600286532264
525.4063231680104 901.973312133256
298.7992492947713 820.9345314017448
271.8720271965045 850.99263572059
499.75167018493397 923.8390764120048
1075.5139741629694 795.4017633427795
355.9080564305894 762.4080336955326
400.92527979709985 628.7300696339296
729.3443917892439 922.2628213330296
139.28342915007852 1010.8591445949704
874.5258238362961 943.4745804210115
1000.4563892250361 918.898996480663
301.95009200433174 731.4997383957071
738.2498744290627 917.3120123230393
274.7503665134864 849.2917563273791
447.6442826743388 907.0157201052086
1011.2774664570101 930.4753103007728
366.15762587198725 657.43000546433
1042.5937782605474 924.3460357303728
478.0087057699788 442.81587979593724
487.60473182145597 425.9255056632566
330.2889999114949 723.144005757279
548.8912601150219 902.270333222109
893.8350916085839 933.6851844538512
448.7512322237534 523.3137359309623
1047.176127669571 900.5662556542212
352.9366770720406 911.3521827354901
525.8482121216484 918.9952240457914
406.7124219639239 892.3081779532669
269.55475628685974 828.0296441845541
1062.4940928782348 781.9561453419421
421.33857557954684 585.6876647960532
319.32959751689447 747.9631943936755
1053.5296205422574 807.8802269208365
478.74094829382705 476.05858252518357
252.68747070364932 870.318434787352
436.498614035511 491.4933079646265
285.00039289124595 902.2591787951292
1065.6547808398768 862.7668717436011
391.4411689649182 605.0467405888494
641.3822500606863 939.0733992434807
385.5761969553522 646.6894985237282
591.8777568337673 916.1129894517169
481.3084251317228 903.8583226953687
388.7119275993152 648.8857030276197
577.5088951887869 922.3149656031056
528.9342499571865 933.7022373255703
969.5789329265759 921.8322317134364
196.43274384267087 941.1511560587259
334.8601551741055 737.727119754031
420.1728344727428 581.6597778616348
949.8738029018486 948.8380756059458
826.9825527609378 928.1044483184576
311.27213385928974 749.7867410078566
973.6498876730193 928.4515461876972
380.7646123617365 612.4858540125472
1050.041084124022 870.0908382844545
394.2973415927218 613.6858947249723
736.2159687140531 903.9277118620273
423.0681926396583 554.7253515278227
436.6867542473965 491.49549023725353
306.3505943793978 902.6555770877916
293.1197007874859 836.744844374853
979.2813444426373 934.7327563568319
856.2197360841245 964.4824688379381
371.72327948978347 892.0378398057119
706.0294769123682 911.1748597236334
797.3948376360983 935.9705855274251
622.832935021398 907.2162906080749
441.9581626676809 493.9708701055016
483.93385626831275 394.9406393979103
554.1665851080307 916.9745573621495
236.03387981270313 896.2571493960097
1051.6956112936475 777.1860111950325
419.76811124078966 566.5457902560921
1063.2579557156162 784.0082539943369
285.2553155682483 855.8051596749963
368.34007087712445 694.4372452059113
550.5045166485125 918.3410212387163
1052.7772909577268 863.8627964114097
364.744325619759 753.5631144264704
353.55947384383325 692.8154687194126
692.4784672652546 948.2762490958135
572.0527055047834 908.1727092343426
323.66486254107866 736.9555361552785
279.1276038137978 813.7237242023497
487.9031778280407 399.2548610535983
448.91821426573694 530.5516268231362
258.993235407525 890.2517747980016
451.0178652212065 463.4291425345531
108.75847060686151 977.9459918317731
645.6725591052929 920.5531387588444
533.6500552598425 918.6688187303096
207.7250106557816 918.1295112595789
1013.2331062647547 915.7077147500596
347.0056414460008 658.6145330005833
1069.627474520991 734.1049506816629
400.598281329693 578.297046915588
287.5670829313236 774.0199665407498
923.3678262831642 938.2968684007916
366.8188318709838 720.2012700935028
234.22651482523779 936.2146422099136
891.6837272675233 908.6531691074817
591.788729312748 921.4570086022026
258.90551330147855 833.8217273513826
799.8769956396073 923.3272141450814
849.2998931919881 934.4260449554155
314.04062017272224 786.6291758652163
379.04720903723614 604.212432109144
410.1481090945642 539.5030107094509
401.0884884578555 611.3467981131047
853.282291124294 929.8109458803264
462.3692259799857 457.39566756091375
378.850805985996 627.7837531611233
374.10236645182056 627.8110715237437
1050.7180309087723 892.3216554379709
275.32768232940845 887.6714678743382
852.2368426221913 949.7802730891326
908.5963204287029 943.3532959450544
182.0027888137784 995.7249054671962
262.3718227298951 902.1218228693893
410.49331176786836 594.8690345605257
312.3888199972817 919.1258928450178
975.4984514547934 929.361301532614
275.4379234102947 872.9467735806485
321.2638761449813 728.358131496771
260.72864046841374 865.5384364682072
687.851268565625 911.488044091761
403.49683293127856 531.5365788089223
289.868503166962 872.5064070640549
760.780587891523 914.1738259793506
275.7866163842089 872.7014857132183
341.3675055358384 663.3568029198208
453.74762009385523 420.6817964097213
1068.9453706962288 866.2411593480351
486.2185966520377 443.02867785666297
247.25635456978532 851.8995679312135
423.4246238139351 493.22092497374916
286.1364474103819 785.5006841032587
918.5236116881468 942.0645736561637
368.7099383684569 621.6911067551522
362.0502750554696 913.6137433823977
518.9979586623218 922.5821466353988
247.95235672862526 909.1910257165292
319.70366736499045 737.4350629362322
262.2866781916644 923.3230440493039
439.8824824957465 506.73072221307916
463.3541570687951 383.802967527403
439.47560802616607 519.9311231280403
397.0167775649748 594.2433244881051
393.5699653296089 595.9163251558662
272.94526685035976 905.4541205707433
262.32799231141416 912.4335722022913
462.9646660858366 442.7491993993995
264.86062741954123 852.6391969210946
1095.5137465191776 738.5619232283894
263.66867221768575 900.1854578641522
259.4154569506094 860.1747835669851
473.5005232724479 417.7135961258447
413.6872061762287 514.7312612838591
848.1083348837493 935.9179631218526
672.1075905026776 928.9049176644997
298.8330065921444 813.1014296232089
334.2928695477443 685.322768936828
268.80454325644797 786.395983988707
379.18430866801145 903.9522774656314
429.8818563368339 518.0469391284786
976.8807516520245 938.42720676058
397.7286685466422 555.1422097605537
187.01081550789542 979.5263305878765
310.4589428785765 738.0658435377337
286.32254807157574 789.499905674704
472.0647239594012 465.95082020840215
564.7907226932152 932.7808443920787
274.5974912669752 913.0875808819626
282.1391980929669 833.2005586570868
188.82897068032602 949.5943790183894
429.5510677359872 507.7447343208323
485.87265341593786 434.22283348150995
436.7111400406856 923.6932527808912
493.38043207753424 898.7248803709767
646.6456967637796 932.3527077821178
340.5720777627663 765.2279099670893
288.83840596804026 784.7260413818416
1031.7280841557701 945.4916362327122
290.7054785426868 831.3399625917308
470.5433112805732 417.91725368502307
438.33940868678667 917.0116811039225
502.9737395441308 415.2463709622775
535.70285297167 907.411512791309
227.5726788018441 930.8645870848763
533.2615968754852 912.8094021075782
870.8760042705721 921.4073905565958
482.6307570276636 425.9495031037479
239.9441467092263 881.4281955901839
231.98271696865618 932.6955720356498
991.8117499271929 936.6045591123329
351.2502956559224 718.7477104698462
365.82224302293235 689.1094053949492
316.80255041403757 883.7364639632746
345.63484365606905 648.7848079549445
683.3765813744503 900.9073094880406
175.1738625273858 942.5257708013291
1055.5475556042852 917.2726382429867
218.0518904369579 939.5112007033176
1001.8213724517476 942.9589949848477
237.70377653405689 867.9178013454394
1004.3994889807761 909.4914101590749
757.5385347880958 913.9664842098222
143.7770940814696 1019.7712457047204
230.54939684873762 925.1123493103594
359.8634956767835 676.7697381358457
221.2438166834706 932.2573971417759
406.1637959300035 571.4283538180074
266.21750726447385 890.7454887016361
365.0330012398416 613.2738948511332
249.2535931673731 868.0994989770392
379.0099279516845 630.8842358819682
519.6541511847063 882.4713217708712
512.3665357245793 912.139631825061
312.0655904702271 811.5424988860156
535.8057503839108 922.9815380724374
277.23560456179456 868.517482069223
498.2711572697555 915.7552086469865
361.6541553103693 663.6369840365376
432.1160299741508 569.3372320369655
525.873068003258 915.220402347563
933.697900935411 950.0660721555482
384.98763696528613 578.6500307121265
502.22154489924833 904.7375570564294
1058.367941230517 916.0911807818903
632.383428910851 920.6861479094428
1064.1865570874068 784.1502050490014
476.4716616673503 441.36589098971626
713.8692405717603 926.164806332871
315.96394804822535 777.3351241043831
252.04666152344262 916.3297483101272
493.6754342367465 411.92079816394244
209.32621436443264 927.8864770512778
1045.350025779948 911.6066203773476
489.45373011226366 916.7245131122245
1054.0303889516763 802.215884851667
696.1136780878961 929.1764644944495
683.253579500183 918.1263570801841
902.0977715929957 939.7131519232148
1050.931101093403 845.2415285393444
1007.0891485197736 928.9583879754882
1044.137043078932 840.3240955338073
861.5515671652311 913.5477357710754
416.3055525374571 915.5736968703641
332.5028318418719 720.8783916230861
882.835966775879 932.06977154538
637.7668400856637 910.5900088599832
989.0460141260736 931.625279968168
259.73767171125667 847.2358303081245
963.5288661072498 936.1650246456513
293.99643867317974 862.047704497772
402.73886192517693 912.4268067712268
421.00713508347417 552.4121540982942
329.1331281432649 671.2444765315112
390.68155604064157 608.0794905549419
1060.1353353303953 736.9685108974529
507.9460335449007 911.3468609068116
689.9996650154048 920.5485806791426
329.0670628531317 788.6949909205564
267.75855764821176 821.2888500504563
1061.4618217451966 793.4963836562822
513.7915588388543 413.23229040171634
918.6169592186844 922.9084765433394
313.9785939665671 899.2862138621138
268.9896972179496 906.5298699161416
227.79416637344173 928.5876307936414
599.9139630275401 922.3498486426037
270.9889871039927 903.6666465010425
345.66716210821636 660.4358554374813
448.236964911859 891.7946423102286
411.5160505641406 639.6000774589995
455.13635680399585 480.943813802016
438.7773709313499 538.1793671786229
398.7997846104836 890.6046131214932
590.4728088804939 919.4040579277913
782.7384298074736 927.662045492722
221.28672148410772 894.7329640563065
751.5898952059168 922.7701315074
421.68084348855473 546.8664981440502
991.4601723452676 911.9719045102986
604.1915575758278 923.2928267390085
162.99256035410974 990.0783197004354
474.7107258358204 910.8440092934384
516.9054258305274 893.3157209117635
481.30439006933597 388.17427760049907
159.10731145354484 1004.6537840486588
1077.6659042657895 857.412895312335
245.76744175369188 855.6341655498269
957.6542230405943 920.3148614445519
468.5988614795012 483.9376297501579
254.1669498976123 893.6869590709747
564.5203190436836 899.1306668826431
492.0317179900327 886.4524145193834
494.9675851070765 910.0742222574005
444.4625611890563 454.4576444035088
293.5731885092008 800.8945451202864
939.6698725896409 957.2435514025747
445.5737907706955 474.66922536680045
321.3664370855096 893.7005921775481
487.2744612228693 419.1348747667556
454.366217141736 449.83564808314844
278.26972938504883 873.654558742658
263.22615271788015 895.859505451996
537.8881824041052 906.7625096624163
474.70794312018506 440.134079237999
418.1786922962398 528.260696958644
813.8507723688812 948.8168658726026
684.3501483994505 876.3799750180181
386.93714837002227 635.7927558558316
362.6288088135947 646.8619055011974
207.33413989217607 931.078097462406
310.8597652423631 764.6290303767495
310.8860358306488 804.3845546033472
283.55330662991173 896.4973569390737
1078.1016274897672 734.3661063201455
181.7945933485356 957.9673628102112
255.42289080333413 862.0673903109343
970.2881548543014 943.2655300677659
607.6540230478721 904.9722061404286
359.5270079902633 672.1768423033391
198.42279642864267 942.0887841881081
364.199722992833 665.2287465113334
821.0171575943834 936.251678694835
1065.146105846324 771.025140411708
902.3908313579229 934.0791956517332
244.3220389827238 861.8921846142454
418.7012509833587 549.3074721947582
311.69363912220024 719.1283565021149
476.6794089028983 404.95693301604456
338.0991661268559 721.7378347073351
427.73930000416254 534.2476366733092
212.5810947523963 937.6630858247507
251.76420671370687 851.4773104525284
263.0864145753614 831.6265112832891
636.9715543446835 932.3879726958128
638.7288461123719 917.6732086732144
466.7026905508391 415.28317571229394
310.69633625327987 827.1818132311472
308.37707005291554 728.3530227527666
365.94016410753585 878.5509496993269
359.73970652479557 644.0248634368305
290.42193950723026 831.1842621446447
428.3169046211107 532.1663302451442
429.0113941932579 496.8871377338459
1066.296904339909 832.4172421882479
990.8784928783089 950.3210816077152
481.6769420443468 396.8509245095289
420.19402682615515 519.8773056507819
431.85434172363017 894.716788107591
296.84453562245477 889.5364543367643
733.2921673029891 922.4738347374888
550.0005457295343 885.7909635148692
1072.9738267426487 726.4878268655751
1036.3305973355089 857.1796385397464
1059.2311569110655 828.1123008394026
1052.2613094363758 910.3980641025618
1073.9120062606587 849.5656022097878
412.1297285003639 521.4008669657617
1057.3480917890097 798.34601850637
488.7989426426863 909.6868487402013
435.68517750804534 520.5676563149202
294.89687447880414 830.3521072954835
399.5640317574522 606.5158949532427
249.99464976194002 878.3324278422922
488.65663644278374 898.8003434075389
308.34597362406987 710.8282063878412
264.24248719265825 878.9264435223582
496.37916015303995 426.2064732216307
1048.0084076273333 831.0586596588766
296.91470865162046 740.6259441048702
242.81489112999495 850.4844983026892
1080.3356304468964 796.2981427130269
844.6709457531753 929.7060607203011
418.0192131588008 525.2474463481074
833.4230133418694 942.7071023508331
347.90691755148305 671.7872209091138
624.5537583653796 930.0523093669137
1023.9442984601155 931.5580559815818
921.397028381298 932.4942775121095
369.06090930121576 626.7069221415535
127.83698311967798 991.636227727329
401.97228765514063 883.570560570414
212.6839658142067 952.7374220883667
162.16327690826168 960.0892128199966
348.7614835199929 708.3700774571504
275.4631330018071 860.6731914905316
1047.7565366939057 843.9195761425614
310.2345261130606 878.5515570123314
390.7025169148826 600.3947696775548
1047.2554634590322 906.7287113094799
365.51602526967616 894.7819522546082
608.9104797081974 928.9813225135637
306.99309955936684 720.9609903547379
905.0972228843082 929.0959887166679
450.01793949431 508.2260083213191
354.570838864642 683.1966328282348
219.6930408024384 914.6649356510596
277.9146144167355 785.5427185932936
1070.7347213709825 742.2784321226551
264.93897701256606 814.959285635848
330.20255533348666 665.5033123313706
274.9578961455731 812.1712770955434
416.6943668197447 542.7129676614527
744.9688428126141 928.8308866136003
333.27856285102075 903.6833169081035
360.568068421071 669.5668713097502
425.65167708154235 511.23449733009477
422.0803665328414 536.2706592624452
996.811589536027 934.0156585198253
279.6113168812652 863.3767289641178
813.3042957720992 936.7009365310263
885.7584688031595 895.9439087707577
808.9451834427982 931.6735020849735
971.4504013291365 909.0366720332037
411.4756398992967 589.63597557199
739.7751287890203 924.0778700823311
387.58437615264245 643.1774593384544
341.60585312805097 712.8580503781925
465.3203678189931 452.33470979101185
946.7851779114682 923.3597340776159
811.9112357573639 934.4006401693529
334.2985562373629 694.9711951346394
323.66306318992747 740.2232791376822
433.3327668536186 433.6244209623137
1025.3296328134747 923.9755469499099
496.58760596223635 388.9970759857374
361.61446168548935 666.2108827707128
353.4678857213926 911.0963006477821
1059.5157300680728 842.7177671608225
339.43131958068375 887.0767241122625
638.908012303566 938.5480315451778
400.0739461865351 608.2637804399267
373.978574739514 575.098268968619
267.0342149505621 900.7461457570258
1066.021455455135 827.4462877777976
261.3453598551254 865.4389610425781
737.5663734027236 918.0283890680696
490.86691448140823 897.8548790755243
354.0971241976956 641.2212353704097
1039.578169395763 927.3714082670666
1029.5832043845376 947.2541004101935
367.5390642186217 588.8526424671705
432.4630590573235 898.238308130243
250.36226413769103 912.2092360300385
1041.8567800995363 805.8860878677436
480.24988984359356 430.74859806858274
497.9669553992661 389.5923946380631
405.1679970589428 888.7117879140243
426.25205398333384 543.1800131663578
374.8177115116511 643.7344343628718
734.1209355179084 914.3529579086954
341.9918405064303 888.1919457929957
827.8378063954585 931.737801303986
470.6224878444812 440.43888993233065
243.6922435895047 904.9701193894233
431.431638664933 494.634698008046
164.2319420994534 993.6921426465224
375.42983522374277 635.1550621438137
874.0911228125608 930.5897077235005
399.433962718752 890.8625857485014
278.5661586693961 901.1534067877692
591.5269824954322 912.381485334949
400.57867493913994 573.7000035814228
220.54704499764512 896.9308450434039
1047.0781953042876 836.7698315426038
1042.577630994073 938.3635730850041
1051.6573961812094 937.5208215627731
179.40112878180517 977.6373048469742
263.0239872585191 882.2469293542987
896.6445655652697 920.2246882220095
278.3416303464984 830.5376362169408
1082.7203658348658 748.4438116674191
1068.8114034057585 924.1013479557099
461.55870121076725 482.5976375544219
422.2199832277318 893.4673850353796
315.50363715544756 771.2781592301573
405.8993882379287 529.0265133228304
998.9811997667091 942.6874665825338
445.17722603283215 913.9135664943617
293.7386199996722 869.6499088985212
1081.2748059796118 799.6342826457018
353.7145530306593 899.5695079078033
417.5706291676597 547.1332899916863
350.34971095215786 668.6099317504166
465.35842314944017 429.4940259133105
584.521537205225 896.3191900425272
1059.2113725913393 759.8028345596647
336.7428629243069 723.0822406102534
878.3660784054521 934.7770837067108
770.217208130634 937.9700133278427
317.80144807471567 715.6639770017435
241.23339124074474 865.367254097361
329.38711815768244 705.273797322855
414.2260638092659 554.3822691471433
474.4894447868169 895.1292041173512
284.2187223204481 892.3474662948358
401.49028084828046 615.5268407162322
279.85940506234124 814.5681257628478
247.65496380661645 887.2382628181107
1074.5565152100269 761.8094842166594
316.30097034318396 757.9355166136879
434.43541369725443 495.78483688775447
1071.205528863951 759.0365661252799
349.77892202259375 662.7211103931095
845.2348692362564 942.2359567000603
427.5002635398634 492.84675590195087
236.1001724522902 919.9901802102376
412.98969308534663 569.856433541368
982.2311694071317 940.3215751490424
787.7237243633003 943.229004235868
443.77573301666473 868.0788547019467
1028.219041430429 902.9244778646339
472.3805806762857 399.9376011146694
388.58875557657313 582.878973478809
264.8459235048568 918.4398260667967
389.20787719909475 625.8306287042619
572.453703062996 913.2512620364959
349.9218951930728 750.1304591087109
271.9675246273899 861.2268487026802
840.3745080331507 928.0342140259067
510.6273457128345 389.6148700297832
405.46260059190627 904.7513723841766
864.9641880778278 922.9575169498817
277.89208987467936 784.57674709465
231.46860186102893 905.1023460067861
322.818954587512 825.1872401172923
317.3195921081387 774.7730894429369
985.365247094805 947.8890513728973
356.4093189348229 680.2767007715813
285.24084910343436 843.8881995986058
403.27312794119797 551.4600824866449
143.37327989850388 1005.7639973239329
403.1327309722233 598.3280145377082
979.9327157812088 928.5663301576116
1089.011186507423 803.5026079302256
668.6781884816843 929.4864403865025
250.8990431518577 853.8568804649477
263.3197281044697 864.045499404407
324.21641154255997 769.8372911018081
515.4140656921562 391.24124352993465
324.7410285262169 760.4657370087698
899.9411299924484 927.4185336698681
146.11387010616855 986.9406930285246
779.3662785797362 912.6059330207968
259.0955481973725 888.0248928152237
346.41561082325416 725.1319240973311
460.6943979707216 912.7237902290047
232.72562226269275 865.9206559104158
469.9214302151839 498.0945421289051
201.77882685999376 915.2159380042452
322.9132333551792 734.822996346406
399.6886018260758 644.0141556069599
296.98795190529916 723.5207609224501
1082.055494931902 742.4109368558112
300.24304139904103 829.4538003713908
459.11401177331453 493.71920122698606
715.0834862858799 932.9517780645126
424.78822958260736 525.1721233608359
379.13548438925244 633.0885396813555
393.87675786521237 594.8704804216404
287.1244016961349 902.4496679970786
236.83859990965155 928.3642044727619
374.2393346597838 626.769172644376
288.1608190157486 908.6240484817887
369.3576990942466 687.7239547353475
440.9864932231275 490.7887130995832
325.57197146480246 723.7546360155227
487.4043813944935 377.67503859553864
1060.6560034551082 728.8978240053891
508.0117530764882 899.8935277987678
598.9241481374469 929.7233699230422
385.0312513559489 896.1206236988428
1000.2912159526745 924.4795945426022
823.8025346033495 927.9055849684005
325.06414943360113 911.294948462164
833.484742302923 922.7893691155889
388.3836483814595 605.5168830503926
443.3222657121653 524.0200054456133
628.4269752238954 919.4238759069833
277.493039152356 781.085688002277
233.5821927200655 868.6486598320299
836.5104726119628 948.1070951182867
406.46760351180296 903.3461842406972
1062.163754108375 789.3410564043274
1062.576728583781 807.0366661726109
681.5399519375492 952.6966237088457
408.9557054379996 617.1057443742119
577.66052214254 894.9316651773283
377.02597675945617 653.2739184892359
430.75802011965766 551.1850769195307
956.3388163963019 923.9008090512762
274.24296974105033 824.401425930276
457.0389184028593 491.5815342601302
256.94207059304637 894.6645864420364
457.2893584963422 481.56544602711574
245.3708126551214 914.0595401605735
882.9668996786087 935.2365609591035
503.7666968018816 384.331291219282
407.9918807492569 577.1198223953058
459.78934896507684 435.27821954911985
318.2594839608031 863.4740790721859
566.1971584957765 901.2942117098362
389.1246760685881 912.1915108361148
286.1466917616993 771.5481551516347
620.4416720735103 909.3723118442487
1033.707916915149 890.5393927853984
436.2820136674561 507.1869847028077
266.9278497213199 914.7307463726692
380.93315615899735 616.1144653129859
1068.014837588067 741.9388751176604
1070.856111737091 898.8922677680339
1073.3084142915593 842.7662493497156
1015.2449449607908 957.9957851089883
518.6371169274352 923.2700019344034
275.8902513802632 802.9626893385984
368.5736400460318 699.8189945678716
1080.066213096319 766.8066994972141
300.10864090874543 742.1610391739129
1049.7214742893975 906.547494055169
262.1443749040208 828.9957759882137
466.56007765384766 425.5823577040506
852.0756543916721 931.5811408740311
587.4051387829694 893.1323378999331
489.6253208294162 910.3794769904407
266.4169285280322 824.8422838302042
265.20377977578295 906.4592512756435
1069.2556255344464 728.5941399809363
839.4834665119278 931.333578883389
398.08546021860593 887.120569426938
224.56494018781277 953.0873291752764
481.57246067992793 402.36316131704706
360.4877586813506 623.051393189329
335.9789030883844 707.364763112983
736.9168063707305 924.8690234988851
1048.341302915405 771.3024266523571
166.56435053506476 987.4939271666253
264.51766417620405 870.3483688055717
163.38664013049768 985.248776763603
213.78060157570366 933.3345681903296
371.5030142806983 660.2556840061658
426.05859270472104 538.7207307071473
402.73593591262096 564.3905832113556
1031.6366575549432 929.131726701268
216.01797236908445 885.5615376539633
302.72624929250435 831.6049726148791
808.7848965667549 910.0194242576403
294.20688836120723 780.9240697718928
205.41698073912053 951.5212961943877
495.342985976923 397.76142729634256
1008.4954700247204 928.2667629242985
351.2364636650444 666.0985470757479
306.35297776178163 791.1202114078278
313.3966329083846 889.6348844553321
318.29103510485226 884.2832500757074
749.263611058309 916.5985614403008
418.11094698379765 554.7353171248844
817.2114762349966 918.7118145407414
437.12347301431186 504.4302258038518
274.75339301417165 825.2328591365239
336.0490605488087 713.2074261438818
1080.2780303490267 778.7579498981665
1066.6869586634498 792.8300537639888
889.5902549485635 926.9408157634361
1053.5902622626097 854.724115755283
907.820768882045 919.5633348168008
342.8247854931769 709.4224999132358
506.6261413474618 378.45088066402485
565.8691731679293 918.6138136277541
597.1095119539528 912.5051016662977
338.09377729571554 889.3551363064871
272.6229577367949 801.0714957069482
1071.4358460052354 710.2229301084286
1062.5121191758842 783.8425585388624
590.4325753309705 913.0845097799868
276.6684415663593 866.9198801525342
696.4858979562038 933.691460949689
1044.5553794885027 858.2275977874875
289.5600126119175 826.4445117395783
301.61534960599363 828.6496111629149
553.8681682992492 921.65887144678
358.45865886461905 876.6892950498419
172.0753582732264 944.6740207890886
1006.6817583239152 945.7665123216697
326.03886906598024 743.2933473477848
607.4868509602198 928.8936284927305
471.4143413971181 428.1075910124384
312.93314914503327 787.9582926160097
723.232354914262 919.7845263566555
396.9713004637276 604.0303937601049
306.13639345175767 753.6349893210648
786.3113713026074 924.7807649265648
369.7704986276815 653.9416371028602
320.66203456512653 728.0053656015858
351.43303355349514 884.2936668650033
337.5842951923954 908.5466251219335
490.5479986988993 423.46191703341304
426.35865168887346 571.653185006054
377.4097392203441 889.1892890682175
439.6952559092024 510.95484399891933
373.48464454371646 655.5536455679866
151.85178157052533 1003.7553675524423
251.52335178671188 892.7134428392748
459.93689460296946 455.1288403799006
407.3126740624936 568.3045212788425
538.601931255571 905.6307111117262
1057.0053386487032 858.6027873440439
185.41817669524102 953.5584238716064
780.8808305713104 924.6075494398286
331.4768026182417 915.7205265814285
1037.1634557421044 765.7312806210533
249.03708697786828 808.2007734893389
343.9804058781699 736.6517255935847
1064.0192213604646 894.9838560271472
416.75614424115366 593.4616422961371
319.2997237399991 709.1832154869986
896.7161656185249 936.793807587819
1038.4251243422284 821.3502382155676
1064.0973550302695 785.1462993407384
615.9772112376763 922.9341073220506
479.6308199225364 447.07892229417416
322.2211081975334 779.2291610841929
404.26650516345825 532.8942386355048
364.3189463141482 672.0881037948083
380.32643192820166 586.019799322801
338.4308446856265 744.1652657396496
436.7948695305595 923.1218891725199
539.8730540806157 925.8445897402795
470.390640247081 375.7551362750929
327.0937644368242 712.287130501636
391.9740177416699 604.9938538395508
297.6228837431221 903.7524803673705
357.841231127579 655.9034262230678
308.9981983482346 894.907986085698
468.07742409483654 426.5396103066924
361.501968989919 630.4178651887092
246.88070139958594 869.4723636312062
393.50591675688656 636.4075032985936
218.13819327262965 921.445337074411
304.1676485516571 735.5534149491438
451.5206624427141 913.3775385815367
407.002681209079 909.5429897557851
715.4723128552114 939.4113318231927
429.81632232765435 499.07507130600413
283.9199692402961 852.6079226321256
601.0104503595471 900.6072981662851
859.8916276159937 911.7590531038718
870.5636250787503 903.8830670512749
919.6602227848699 940.1417708233404
495.89815964267893 903.8939376394467
1029.7202771376362 919.0688963252671
483.5539332204056 397.3911980141516
670.7869153697031 899.2792186100833
396.4262379508596 544.438366512999
409.0989706748747 566.782228177883
194.18217403644374 941.1877375589963
305.90054762532105 924.9434342650082
287.6386915379209 853.8269448864777
332.4008103924586 688.9822321972144
856.2724987882787 944.5261913761665
795.886680124255 908.1169328943178
269.62807558096 884.9008732312086
453.27076633528145 903.7627951676047
194.2799170937407 943.8934222163901
274.203950166174 835.301676020128
485.3749844316875 397.1541641136322
962.0832324544035 951.6260275963654
337.39619361787516 898.455673468983
429.63645682917735 515.7411419224331
270.34766215634954 821.0832548651122
646.0666786228579 914.8068082707897
343.37705290828234 776.3489973434758
467.03041089648025 439.0000599095431
472.4358539676689 437.84529682238235
1066.9330522923176 772.7684104961833
369.91113054983606 645.3011223505958
661.4991495163905 894.9803885192185
775.6518959787451 914.9058504190027
254.44327676842008 883.0935256399049
206.76505262698726 915.1977839739211
416.924716512338 619.7672568235363
444.5491132062767 464.91049873100576
911.0247672191736 941.272741101805
383.6679096019703 650.8989496495361
478.6813435809051 922.748605127448
681.9333974772453 913.1710415276016
375.9247932661388 628.8067982856779
425.52434451693466 539.2988155752012
362.7871704065548 917.6917835103583
754.4050987132863 948.81025848708
322.81130805863717 900.0060124367448
301.7300582344758 759.1282392385854
974.2376313597969 939.0876836931037
342.6011217375931 706.1769278001046
840.9873738235434 900.7052314358118
502.9089634302131 866.6917413931213
278.55803328409127 821.7393630305436
777.2075913407468 921.4289221209687
309.88835454748306 879.6343384968111
1051.1475580076376 838.6146491252298
472.98107453082673 921.1825079420586
463.7231631610027 430.3476484721758
370.6555234524754 627.5768329050311
405.0256576978144 571.9458813044716
899.3480639453768 908.9074493882578
176.93367320964623 960.2881666281734
788.5711065510917 943.22777543852
167.49657814611226 962.5614043997165
1071.9996111540731 883.6637927453978
443.2612796171501 473.08222782120714
418.3223235161102 891.8184093757886
286.34694732593215 876.3322578783677
217.50707267808903 945.7776037371178
611.9792665210297 907.5987933542667
243.17686283987578 869.1573203241844
1040.9903595973583 942.4500351590927
389.92956994732214 627.0394346235461
475.8518730437246 452.75363847053796
472.72131601094185 920.1792560842114
315.82958076133934 737.7698946977421
1044.4244666549419 788.8616860634702
175.25605226205698 947.872286364643
479.96511486818645 400.46306229474123
414.82928359210075 607.8139792442099
781.9074600777546 930.4328537288263
473.3774402970022 433.337541142888
209.44434608746027 924.6737132596152
488.72248688454494 430.79440689747616
1059.08674935774 904.2866447706676
330.43779800599543 896.3038648866084
823.6650456075611 928.2438116919755
1033.4261719809092 909.281702207048
343.5497774692706 689.5970353979145
297.9058656342859 903.9945378388161
443.60435497154396 490.65051436487045
411.94125531317826 615.837680775203
317.78831125545594 762.9391115715083
1045.7126172605094 950.6001194389031
1042.0615210272051 920.8712019344413
590.2051605951461 924.6507879418632
241.39340303072342 901.2623591395637
173.68023429129738 967.2460479589473
470.6583615522044 467.37064807360537
423.7839727021106 563.8476146094243
297.8721664043598 898.6043674572799
322.3594182264525 710.8576764064388
432.0548793127496 482.44062169753823
788.436328624652 916.4159067506753
634.0213408869716 913.5524770794792
862.0669393476269 909.7328875496067
211.2907654005016 947.998308433315
498.15834680307375 919.1178160565174
387.3112774886595 619.0397724558868
370.02199304193255 639.0508823347825
264.9844282872923 899.8221275243568
397.9236865572448 602.1870838749661
497.0504197918922 397.5981945658257
677.6984266530334 902.5729488386452
473.1808978142469 425.7854528561859
153.31378658192006 994.9953528481706
475.66376889134847 417.786374304384
1029.223613893273 930.5645912170139
160.54288117556453 994.2136157342744
409.1186379209743 577.5499225722825
441.0848534359402 916.998267838254
285.30506390985596 908.2106038123452
310.62119412113236 767.5563832224793
265.93062907779216 879.3443130080801
381.0854992722456 672.0250688301436
167.0570750684988 959.9813249369391
488.876480648902 412.72211606171476
289.7652264180253 812.5683352208692
306.8567937902674 891.3938290332336
243.0070220525153 922.2503723829809
337.89789689434997 660.2010232901597
664.7206003845732 914.1591189986947
747.8082648586143 930.6647235810874
582.005850199737 910.5111485602316
604.5000844920262 926.2870856081239
391.47161600566767 607.2129128281082
665.7456186342414 911.2210998269115
473.18978327480045 475.6587520508028
401.9761420247385 586.2779309166575
323.7156717107788 752.4853203872167
247.57673929581327 887.9695480068323
287.9964774432349 881.0700341667573
355.5493812612775 667.0879420685543
971.4452055108551 931.5614065930105
425.9966175789127 454.8698963379334
218.32604000817287 932.7529935540676
458.5199324866401 493.7112149834755
315.19575749097027 758.2199177909006
816.1157965331995 937.3202510378144
452.1779370178581 491.28250412690767
289.15709596215237 826.4543310293245
216.15309829940824 960.6324479911332
787.9253729364636 928.2969463171531
134.64414952661485 974.0052840735837
298.4584277959883 816.6822956084125
1040.1211785911814 887.0692417757599
319.7125848465525 850.6093404718699
459.2214136982426 433.1635167256414
414.35250747133944 916.0487317519509
197.84944537904073 944.4237362513925
366.46318581846936 685.3447273213711
453.1920241182955 504.87056304840763
482.6357707351969 458.9115376364554
369.52621374084003 620.8459695726895
466.44145800972 411.78841542217083
307.66238825356834 889.3507680267838
499.04969236324905 905.120033788023
351.05094317489653 715.7150241850843
1055.0067152961592 882.7636986239361
488.2229772207871 922.6998610325426
454.07436298077005 896.5921595260186
965.8601405724186 944.8761133353609
399.6790900210887 540.0203621085395
166.1549860933457 981.2863060688127
403.9806930013885 557.2690854869734
1053.276212922223 746.1289038077152
1074.5122614732436 788.3380980490566
611.3510293922076 921.6451721224737
401.34191649085744 595.6566069716789
288.7024991940048 786.0391222299636
235.58754607966856 858.4540402150416
377.68681753522844 889.2991488292424
544.3575388493493 889.6257593502315
632.8434799484038 908.5422071004186
357.9141402954642 644.5734208900914
778.9255419369248 921.7320304314978
504.18818258442644 917.731059360827
389.60244093746775 611.8559403975117
266.9257625352419 893.9321947094799
1027.9596541990577 885.7372669029744
268.2799486430794 842.9980226193176
449.99880228320956 403.61227662548566
331.27760122712 729.9758981076619
471.7618445242927 417.4973255274708
303.8199206499415 674.5645414945603
447.8390941243972 441.0907030643855
204.2468030255092 956.5673561460932
362.096327804297 662.0072943291553
874.0911228125608 930.5897077235005