937.0319035437132 1289.176323613807
864.590721919379 562.0563404014013
1104.3732519251373 363.57147768776747
902.2831940444313 501.2214466274531
321.90411148471907 584.8983074288175
67.19496401211633 933.0510030304115
1274.3960480866058 1476.7837541715762
641.3122932962551 922.4232444940027
1031.0684287055776 293.36466174290547
802.8109374964517 1287.697657138771
682.5575240360844 1030.402083007779
871.928337777042 248.32761600822215
991.6320966409372 357.0141104717401
114.0295441445548 884.8946328678024
565.392187696746 1147.9335312442458
63.212806604289035 937.1455469685621
913.9308092097151 222.62547385575036
362.1716379591964 560.2578123752252
442.8031191958221 510.9178158935889
1308.1942982432383 1455.69181251738
150.46910039711375 1250.1106432630602
708.4281914105825 986.3329760487462
439.3806662604045 1248.336839112318
232.23473202996968 2079.075226472969
904.4513481838316 497.72208934681737
81.29609346822095 918.5519041193332
407.10715330510067 -163.3600564495625
314.9776988687183 2209.5442114624607
1176.2003184259463 1897.0362795641968
1459.3926563973891 1361.3358345120575
1058.0291762909678 1156.8088522883168
1384.219377973027 -165.9939283661047
1009.2662890303935 -561.4957752153229
443.05922585931063 510.7610991660571
1275.6418907960347 19.192099558200333
413.6146540443297 528.7788144240837
1270.9042742883023 1478.9628104505896
786.1954192296876 898.4723894461955
1071.8090879368503 126.01663575114591
596.3926046687358 1112.9095899714728
1541.0768169529945 -712.6616908070956
1502.917389716659 1295.410490463856
1108.7963155628872 1242.2846707647527
618.0464313188368 959.9738789352722
496.6822670561588 1225.5612685597532
755.4269085109977 1287.1756434983072
801.0789528364636 881.6571315273724
57.601246762321395 953.2193239726399
-779.8244280636663 -584.3646632290094
729.1577271931782 962.9129670689484
918.2734050636639 219.96815365191813
542.148092963748 1082.4722742682254
1172.3538836295415 1349.2955291424666
1278.4440748171723 1474.2575658860867
101.53467706750534 1093.6710903670034
944.2985542076095 433.4094982914282
1106.3003020165168 1291.041095664521
1085.8383965338783 1203.630790564619
-694.9248491158907 415.89210004985995
564.2279620265405 436.6155554592426
1845.9866395097542 155.80457420332297
418.2467710630508 1038.4987289268834
1110.46118338811 102.3646548582692
2295.8760255944644 2044.0309612655085
831.0618624784514 616.1712468390389
145.37219651248685 852.6674117623716
1089.4595158205184 1290.8555664830928
121.5849143144851 1157.7701424647423
-5.10498576234375 -66.92905743453599
868.446863789601 766.5438992277202
64.46102575517983 935.8620999235716
302.5255835951025 506.02371498412435
-81.59167063097107 -479.0010350616197
1175.4555737300939 -8.116345545828736
1339.9984849954833 1293.6156686140714
430.4984871243455 518.4472633724566
1052.5834026323382 1147.6398904877403
-223.2302607693079 820.139571248876
653.8424379915417 381.77868701773383
73.42682738695251 926.6432607461253
374.1387043249516 1364.0096819579387
1232.7001121227993 1292.4335991396433
-8.811737203980767 1217.673279389842
808.3672032182104 873.4229437878264
318.6364276487106 1553.2006091672392
1418.1117853076507 1387.0973375610042
430.312799682097 1262.972193838256
896.7892406354159 1288.7329839608371
1017.8541236372188 1089.1667602350324
925.6976136313949 934.0043218221065
472.9622216161476 632.936673760594
1161.094180178034 83.50570761378145
496.52067894005717 1225.7438290941432
-598.471999074375 1183.605623591002
1561.2028563278514 -545.3013737981207
961.076709780525 406.3298918221384
952.3713064947124 978.9143908545409
955.1765327900548 197.38640066590924
923.5870027424587 216.71665824645513
1282.59771466693 1471.6654692847055
684.0675204029675 1286.3895015267371
1808.1553778966706 509.3392767147726
496.76909912701836 2515.870325283513
1680.6197054370368 2292.7732466172865
1280.3685544480056 1473.0565861933476
175.09789402579946 1697.0911000568972
1354.6758129697696 1293.7773637162438
1506.6859709995965 1295.4520076348733
100.36616261526217 898.943629500994
1118.994820931873 97.14275343803868
-130.1157738680225 1959.9277447591119
523.3384189115668 1112.830710804058
1775.3154116283351 1764.522183776797
1073.8483797392287 1183.4433915154123
2050.1069718273493 2032.7500551850642
109.98459068462655 1120.684808284323
943.1026990041776 435.3395845969492
761.7181205832686 926.1265810360345
864.0123712950291 830.1458682587289
2116.1338562828587 1955.0915986892323
1925.8875078932097 515.942414893532
936.1038915780036 951.5252051638954
878.024444891008 853.7377719260451
203.46673086757525 1281.0948870094228
830.0068292003947 848.9747245832399
316.54886749588377 1282.3406742309128
1534.9326179139148 1314.1948004797343
2154.494868463208 1092.7511799673366
1297.2324508737702 1462.5325999565978
122.27965507845714 876.4116829856401
417.8782630279983 1283.4569855235632
1800.4301993077765 -111.52097995287353
443.0921289867822 1242.3466127361849
941.6687331764864 889.0056574452099
900.1318809236276 890.959707540385
699.8758419241029 995.9953295077121
1029.0291736149074 1107.9820127203413
622.328486934953 953.0627270830848
767.3210714576194 1287.306677423302
244.65222158483692 1281.5486134738865
959.2426342101121 194.89827286913902
590.1821910739212 420.7336499027358
2282.6971331528107 1035.6740152510054
929.1196701012534 939.7659834368575
-451.85854871449226 -676.230328713466
717.5801270507121 342.77633575621934
409.6917818888276 1283.366797860894
528.4234976682376 334.5575058099726
588.4085921158272 421.8189501478768
802.5772996285087 1287.6950832302916
872.0559113165327 248.24955123881583
1236.6109704911255 1292.476683728647
47.67129106232109 -26.19793947254817
1056.2186727509238 1153.760536504541
650.3489148565627 383.9164428488902
248.88788650847638 1281.595276345616
488.71942793977735 1378.2372611140354
779.9496661599005 698.6653062171594
538.2432483484567 1467.51824944022
-331.8384067637008 -279.35979937494443
177.40027961430775 673.3230572501122
273.32155922729186 1281.8644537608536
249.7288790897016 1281.6045412732367
499.4818548787868 1151.3347265112407
218.02526290808507 648.4638273061754
982.5510312590643 1029.7275095888756
433.6268530951577 516.5329544248117
1411.286920532932 1391.3564234296227
1338.807146277906 1436.5877345954857
454.85583357072886 503.54252183063005
743.4062219719833 326.97283800314693
447.08900619774266 2391.027355252629
736.042624271636 955.1344836000691
-352.99140772620564 1398.3110204183683
-154.55984422322553 927.8950662839385
989.3190970600835 1041.122793470165
-272.7207640023279 2520.0885101060508
1488.1270799545682 1295.2475506799706
783.1339356448733 2184.668749810907
518.5322639490713 545.2366915595481
-26.256386350815433 1912.6966801050446
1525.7057517279522 1295.661542053778
-26.4024824819146 1446.5546355983033
1460.600936334516 2349.204581545349
1301.2671757165092 1943.07919668184
230.12451832048012 239.2151139273066
446.4006317247789 508.71642689764
1414.8517873777341 1389.1317531242937
648.5443710387988 1285.9981551402568
971.9530601679346 388.7756805124873
594.3533504140609 998.2140361538695
999.4414873361173 1289.8638686523539
78.23727579225186 921.6970493485071
888.1265182568206 870.7464708922572
1214.9134216469179 1420.9523409736264
606.51517146964 1285.5351338239475
681.6946296450479 857.2469638305266
906.0158171645329 1729.6880806741494
1468.392153440009 1295.0301377445421
1030.4428589800063 294.3743187289763
581.4198905248243 1129.8256031123349
437.33731733082163 1283.671359269192
147.42145372368225 1240.3675534188135
475.3318852879312 1249.6827027287623
554.4697140578137 1284.9617668208693
1072.9109020067008 1181.8649752871106
128.6640674935287 1180.4016456655208
906.6460505931341 901.9275105755943
920.5622898800178 218.56753980911466
2207.129612045382 2308.659205662502
953.1123295981724 358.20024896865596
2111.3894892909584 2213.6726773646137
-297.57791744202495 1803.7227585657474
1024.4866612882895 154.97416361163977
476.7147498607374 1284.10516697502
410.0194733592178 2015.9928147173441
933.2773394809567 946.7661847143227
644.905899948985 916.6232354561535
382.34168644639425 1283.0654912140208
894.8125732480398 882.0036744879114
1450.468307553771 442.44681329029237
67.01031042736052 933.24086800527
1259.706117165838 1485.9510679954906
-133.00737348595914 778.5047501451112
845.9769376873162 1288.1732021987073
2079.6052272592055 -158.0714146168512
114.56257399255868 884.3465595724807
785.401120303368 301.2753299809824
938.170745546738 955.005134054562
522.5187583267603 -49.994545498029574
827.7655422405313 1287.9725734839556
348.70769275863285 568.4966664634345
1932.9012324658654 -900.9826545339679
780.4668692565255 304.29469568724124
526.338114627707 1284.6518506118637
1919.3182904755383 412.9749623113818
661.2317806366956 1286.1379279922928
950.3821632780763 1289.3233988590805
912.3214613183417 485.0198846482657
1112.2520828998954 162.3358726863854
604.0779046326312 1285.5082832888281
838.3382538821257 604.4272971020305
458.4327469620973 1283.9037604021212
221.1875293800594 -223.98222142124513
275.08338208009735 1281.8838631606227
643.9200449540278 1263.8303633625942
376.42092210463323 1349.9526029986455
508.7822763847336 1136.3240327979152
260.8014196793675 -736.5272884826957
239.27411726047035 1452.356709379904
1729.0771069305079 1055.2893497518212
932.5215082287646 -32.367626584216886
1474.3423864301126 1295.0956894262222
-314.04369090168956 -638.2889418317404
884.00317046351 1750.8782313357704
1185.5278451622394 1371.476316965728
917.283912349784 2030.4127495542862
736.3273869707762 1286.965230602152
45.28941731391938 1768.15567313392
817.3028739666248 863.3275180453898
1236.592178791549 -190.8382317296992
689.1335299068305 845.2407280569978
1385.0605250786693 1146.3390384121974
1533.801149413269 1295.7507262811898
-101.86621440452726 -909.314134817332
720.2649407289107 192.2809931930575
198.97464640612571 660.1212759448929
792.8371106758692 677.8652293332259
-292.5008280152771 -142.27733504306232
630.4187010531172 1285.7984708335894
984.5555201179035 368.43556300034317
510.0539047018481 469.76573150465214
510.5279617589187 469.475646625034
1344.9265851558164 1293.6699598079683
1530.3575912428246 13.220752981438377
1212.6123811462564 1292.2122994781275
1198.1748741553274 1160.1964777808505
294.9386489539161 601.3990067337331
1105.748918314742 1291.0350212588696
981.0684037668068 1289.661458674859
470.52633751675296 493.9534308489914
-2.738038889728659 300.1367726399952
450.3170277390703 1230.685771105401
132.31554380388334 1192.0751319873016
925.7365710089194 934.0699137340669
1752.2568621708429 -349.1292611078056
581.4336518071149 1019.0661704935162
1247.5001436850941 1475.8180824281167
1571.4297914981082 682.5243914779211
770.5260576084012 1952.8679703921712
1187.0147756191625 26.614563967910478
856.5190945081366 819.0214493100227
959.6662652028448 1289.4256786345227
-318.0272220417594 -23.615960807245976
491.37478744139577 1284.2666715948396
659.3486704911759 378.40931455932963
1361.4726661954987 1422.4432205615226
273.21854638288556 1281.8633189035804
1331.2107273579754 1293.518856893876
1721.31220040475 325.5869414851551
978.0907466767482 1289.6286548451528
1007.2217809950318 1071.2652553896426
956.117162413174 196.81081081460755
443.55692646690034 510.45654633072826
85.72843224277726 1043.139752607273
532.5028061429371 1185.091604604331
-788.2703348021491 -835.6803925658888
1202.6776795337498 1400.3512181451804
1172.3074564277642 1349.2173604071702
1096.0006171891614 111.21336102658033
671.6555607042592 1027.878302986359
972.8366639390998 661.2616439329087
1064.739472764467 1290.5832342237975
689.8122367663159 359.76805645788784
1099.0658864886086 183.61812913540922
1118.2959658206069 152.58116691267512
1271.7872716096545 127.32667609379709
1365.2870803066912 1085.9620046855607
938.6849047206442 955.8708156124966
516.1999092464059 93.14034490720394
793.7026684460832 676.4682364580575
990.9084769347473 1043.798806883669
215.82188961955347 524.9265602166086
-434.57698104468795 2219.1730636760053
1300.6420490139385 1460.4048257462937
350.55699549836777 -642.5755900620301
1120.186464331534 73.2709646316547
622.4427697719894 1083.478390592872
-76.06728393700588 888.6780009127418
1306.2686003664403 1456.8935524616911
131.4943192601801 1189.4497408678671
1632.8475671102624 1705.4903188943151
67.05339356444331 933.196568953346
-559.9496684653201 -787.2538796121269
508.90508282030066 1211.7520613514105
1316.8947747377701 1450.2622431835855
709.2653768543834 1080.1848506335807
1627.942616188972 384.6186947720338
649.8371110609235 1052.528555260759
403.19297084023714 1331.1844807655066
1050.9851006001772 1144.9488549807018
465.43041476319706 1206.293067673083
60.43713861495807 939.9995513124625
878.9597897825818 538.8649531613058
377.7176385021849 1283.0145496593932
1149.016621839489 1310.0029556173135
-146.97485610396637 943.6985368855323
1412.1704149356224 1294.4107620810903
950.9574671918408 976.5339322874388
723.7417583151225 969.0318710853551
132.0315054596723 1191.167083449069
1464.2630566723676 1294.9846488977375
467.22290836129486 1284.000598603737
546.5482028092597 -390.304887843045
1584.9817911622251 1366.439221073467
1086.1790773097887 1204.2043893251116
390.8007429509971 1283.1586817462614
416.13488660384974 1316.5628420284695
446.00884777344277 1283.7668905541348
208.00702470794357 1281.1449058737348
-165.91807431907014 765.4198859037194
521.9334296214412 462.49641549126875
1176.230940528735 1355.82326768537
925.0967502351906 932.9926577551594
1394.7636285657538 1401.667854006409
1032.3327555850951 1290.2262205047766
497.7241222852699 1154.1716716512367
1481.371352975727 1347.6199355019837
1411.1642865216104 1294.3996779084814
736.2610724982333 769.1778198491373
772.7989446482214 913.6075838994636
-281.2036417283701 1205.207908811069
622.4751474796885 400.9729518353606
898.6704026626376 1288.753708079473
403.7585371689013 1330.5455099446015
313.97763205358353 1282.3123478094906
762.2565410773869 1287.250883224336
763.7317860224636 314.53522376913685
88.49142663764988 1051.972831212833
972.2662282692967 186.92887834477625
1438.382382749972 1294.699530365161
58.371282452230055 955.6810682999798
1436.896583201814 1756.1685678864658
425.0511695350021 1283.536006981185
1063.642357665526 1290.5711476820013
1084.7033230524764 1290.8031691341387
1053.3838593100725 -153.6448286305922
599.9296862429197 1108.9134328409687
64.1947207256991 974.2981484213278
676.0968068309986 1286.3016909015564
756.5736580338001 318.91542371534996
762.9677472411711 2419.452329433171
681.9597818110741 1016.2367036093946
2676.5724154255236 142.40871539947523
957.9596027652576 988.3233156918299
550.9490889525221 1284.922981298252
611.6587133742867 407.59174157504305
872.667929168529 844.7190922815527
2053.7211921581666 1087.7313344108243
958.7511516149882 410.0832960429123
2415.4181972099846 73.95916258098066
1890.7346447369234 1914.4175328745378
442.44476381536253 1283.7276262602004
685.4508706133954 1012.2925086232104
-1001.2029308728353 -878.4728072470268
429.69428467951576 1263.970464642962
1471.3101175979186 807.9371198291925
1776.6553267529546 297.2505999808542
1105.604235296666 1236.9102163970106
535.499450515527 1159.2652857201688
595.7360847542031 995.9823306711123
701.4669772395498 994.1976817568576
995.4406320785606 350.8672106872568
561.062228389846 1051.9452391707327
675.1987877598444 867.7311223051325
370.6212101073115 1359.3132218008825
832.3506411338045 1288.0230859502108
734.1074379778122 1286.9407741833907
2173.3767128220125 677.9535898863735
-761.7181948408074 1123.4942903538783
982.2252020472076 372.1966496125441
-581.2459840780153 -440.28894508198516
1656.186602080999 -501.31092406274956
223.06623094039364 1281.3108079980627
390.1148902566287 1327.8508131477015
434.3265214235466 1296.0101265551107
1026.585865705673 153.6896189526624
1662.7478976809002 203.02509451890742
1386.5974111083135 -208.27699029367105
997.6829781195266 1055.204925917421
100.50607408474121 898.7997693768043
442.9870595172334 1883.0094111667913
81.55620844156708 1879.2698151850989
1097.8462986290265 185.5865194718011
788.8476575630463 684.3041266156735
663.3903022163621 1286.161707686252
912.7478509940311 223.34934936075913
177.9638464318155 801.8377666063822
400.61802293106683 536.7317097891045
1298.8779418204779 846.3700291303734
948.9557650248206 425.89285347153015
1895.3404677131227 1858.969849184625
770.8824604672105 915.7728073371542
1002.3514692313951 -37.19807186159745
974.4357733303075 1289.588389253914
963.3576646290626 192.38020445120927
952.6261541796509 419.9689190158027
640.4597972099051 923.799156073475
1446.7893997463239 1369.2009503895126
977.1163688156332 380.44220394818205
338.8917896274296 574.5032115315618
2326.3334466801175 -551.9373081932582
491.73768309422445 1231.1476069131231
470.9197128349928 1888.1852997993678
263.48893679559177 620.6437069853185
474.89998438551464 1250.170659773197
353.6566752636766 1504.4150066482705
1056.1923421211652 1153.716204045358
975.3224552451125 -453.95791849997875
57.9870327402578 954.4526517978279
95.0138356254206 904.4470126641456
779.4270246283526 699.5088391631567
586.0846039431274 423.2410444279988
1143.7816877884677 111.44772298457833
1320.6422765806333 1447.92359873151
1271.8299928109857 1292.8646796515015
709.1573625771222 985.5091662226474
518.6937831430324 464.478819180187
137.59013849122192 1208.9376017672591
639.3174158452592 1064.4135949934116
1356.569269740059 850.605369817687
596.1500795790159 1285.4209451517847
991.5145512375317 1044.8192444704816
476.47278685331395 1248.3937242785667
1285.4018104800296 1469.9155613750186
-519.2532459119723 1440.6258349889108
603.7020841776857 983.1253674259555
870.1934219921989 1288.4399869234742
76.7940120792586 923.1810456053033
1061.0894950079542 244.91126305293594
-117.47621169498026 557.0311404750465
445.70304983822734 1283.7635216828753
1041.3875278836015 276.7098427048973
518.279350067941 1172.261190885335
981.1858163591677 1027.4289191494997
-744.1259325353552 498.54404773331476
1066.6691288002628 1171.355801809619
-41.99361009184865 1303.2272606453482
1134.981448511802 125.65113261515701
79.70857390597213 -734.3943124747501
804.3650586492269 1287.7147783599517
-289.7114590053777 856.1396619626465
1005.6457455946243 334.396362220722
594.6597800160067 718.4946698514984
89.02277148485256 1053.6714994441945
703.531408209937 351.3730243888037
741.5657284927196 1287.022939619017
1045.066284219668 142.38108572872483
951.0966157512568 1289.3312697376116
959.2672765507457 990.525025079394
535.2413741052105 1087.5496717534668
924.2403256421035 216.31687705584005
843.0641995666793 834.2226464644583
1836.8356958644715 162.32929637086968
737.2756711352988 330.72424318724387
1210.1808217615976 1412.9841384213312
532.4342040281604 1284.719009143729
586.9506893765487 1123.5769654133856
1084.3837469851774 384.1890054328977
851.2131785313051 261.00363123981276
115.88162476419033 882.9902818596807
741.3420794975624 328.23592756647315
202.075135757858 1281.0795562820697
801.611592406471 881.0553610080807
1349.604559016097 1429.8495632867705
333.27886231990783 577.9378726509832
731.5934717673488 960.1610887636241
59.59961453330381 940.8607124370458
837.6561831515999 605.5281455765004
926.4963554160443 1289.0602570835824
547.1348078188406 1074.42381654213
276.6449174059101 1281.9010660612116
1081.1529169107728 1195.741923642367
1825.8435334307583 582.2983780623176
104.1179044895192 1101.9294679145767
472.2830030972795 1284.0563439367274
1241.1888596845506 1465.1918747410098
500.0713378988044 1656.320336048208
194.02220239077417 -704.8043985292262
350.22448901159146 -776.3900777412273
1407.1433045094095 1018.549696572653
-461.6821247022303 1011.387363180496
1354.4806876798862 1293.7752140876644
798.0720003327851 2162.431890328458
436.3684845882104 1399.651688291297
827.9755745033016 621.1524537097673
1749.8460805422199 326.792225866016
361.63632658547397 1373.814643538593
155.2607121534815 842.4998172580565
1008.3040473860527 164.8766247937289
192.9687896420709 663.7963783622483
-432.71092091475583 367.99135286472097
202.75628931722432 1281.0870603178564
689.5677477905606 359.917664092754
926.0202773391113 934.5475855337364
2148.3175055402844 333.2818830714612
64.08076991093964 973.9338565118669
746.5898049560554 325.02474067411293
482.55228588958585 1284.1694771128239
595.1694239925678 1114.2915264856433
692.8415103365463 113.48797839192194
1032.8627809499906 1114.4365959287502
-261.5886778398685 1626.3277540705465
1182.02741285063 1291.8753553434622
1278.478516334662 1474.2360725107194
1351.2250864991622 1428.8382662236554
634.5756155036994 1285.8442661382924
487.49319832671745 1235.9429806451815
1260.7981811768577 1292.7431459559643
505.28363133950484 1215.8435387047698
553.1322920788774 1284.9470329003689
1140.8871204357024 83.7464228246402
555.3100424603033 1061.229151853105
1191.7162007407155 791.9339146014338
885.8777936013353 239.79166837665687
544.1174152342506 125.06780241462074
1012.26199704519 162.45467719632305
1092.745154906246 1215.2595889047222
130.62274683742368 1186.6633914873066
480.41378462406936 1284.1459179758183
1487.9991838094543 1343.483809501643
414.01808069100133 1337.3069954228704
990.3723517107802 1503.1665958166832
529.9735842733434 1102.1216870335538
593.907244624269 1285.3962366062106
1449.4933282504014 -19.69684698341197
891.4674655765828 2041.4228521493148
368.8114035885775 1282.9164327155702
320.7415023718516 198.0286936611186
254.31613579648445 1440.1589258559611
-140.95639183252752 -46.67932622888984
2004.7866622652143 27.450202086868664
105.69802767359312 1106.9809990784813
599.8329030407444 989.3701481523847
598.2886752920231 991.8625007564954
1763.7380487134797 2620.5049974416092
582.5611362083291 1017.2464332910296
599.8031417906234 1109.0564014168308
1291.8228065303542 1293.0849336420595
479.13414656347294 1245.3869483929855
664.9213170719371 1286.1785743532591
680.6360378783568 2064.487552183061
110.85113574089188 1123.4550855644563
538.8864056221273 452.122554520361
1191.1688036812027 1380.97390838638
895.9162525807865 537.0289033453347
966.0288735342625 1001.9094175163652
553.369596195873 647.1342225114922
710.2927086264576 984.2264643353751
419.03795861821067 1283.469761493227
868.2914072085514 250.55312568138152
1049.8863491021607 1290.419602440658
845.6624498801708 1288.1697375941008
814.3145246265418 283.5826466059744
687.8756878136156 1009.5529759487159
715.7494669099904 802.2831397377873
781.7951940784584 903.4437170068175
2254.4584287873768 2007.7394554165398
481.304399264713 487.3581219129867
708.4433028251801 986.3159033333083
980.9522548206672 181.61372707989597
1360.3431154055281 1423.148121532641
1415.1341493317561 1388.9555439468363
1165.1120510231308 1291.6890045878085
362.99556680540206 1376.5990801725425
1050.8981196498926 1144.8024065492152
1103.1705029284194 106.8259662804692
463.47336014970756 498.26928705227556
1014.7669591365297 1083.9689508596723
367.5567371940358 1364.2592195994287
691.7199458733946 358.6006915628412
1128.4747177646966 91.34181726268618
137.9814866344307 1210.188711403065
875.3648213943261 1288.4969584619016
66.98403213518121 983.215360479761
425.98649571531877 1269.9547616406433
-48.33045702988438 2143.8066033652844
590.0484848543263 1005.1620027974137
1082.7409495579454 209.96624980917144
578.8736396995725 1285.2306165227335
2224.2146582753003 1764.0862620222056
765.3108383636609 313.56897044271767
1159.3287296918832 2326.500118121602
708.3144719933174 814.2830723626632
787.2332678239869 897.2998391463201
1848.33707133429 393.5005127917837
933.9168271013722 450.16539754904903
636.8881028588621 1285.8697420205388
358.0797422272233 1379.5548993359425
1090.9631460948478 1212.2592492387303
935.5087154699496 950.5231166928266
1084.0844897155112 2405.7702668264856
235.55880866780322 637.7347042288465
525.7813793311955 -126.98853436889002
214.89252548024274 589.4355348166913
378.56171529584816 1359.012611220681
1072.3997733331676 563.0438462262293
1727.269331944536 172.07449640683325
974.8854054519458 384.0429340566564
772.5375167509168 710.6283666509814
1529.7863173044004 1295.7064962490485
825.6316044676817 624.9355743194519
1709.1582184176907 344.24856099422806
712.5329003722144 981.695519535051
1261.9435189264602 878.1668068959422
1268.1404151297315 384.59027939395367
94.0567694851865 905.4310896258453
1546.4857970982996 1787.1260773634388
1195.2241829188752 1387.8018853916576
795.6051921887307 673.3976013083548
765.7913034925851 921.5247423208307
690.1529065448892 843.5954746152444
515.381379967148 1125.6732120157828
623.104172944419 951.8107854266383
1536.3582727041796 1313.305114548778
515.7760322205726 1284.5354917625577
462.29525955458166 498.9901900832882
341.66601089412126 1282.6173812088566
1053.0223127353163 257.93153338656606
1021.2622689233332 309.19160688738975
102.01446211699599 1095.2049259273606
77.66475915455365 1017.3608156792803
140.44177764950828 -230.16790025745965
1974.4171831502754 1593.8682675213859
402.70576004778843 1331.734926335242
790.5856418952375 298.1028187833881
620.3215019596771 1085.8749763984558
980.5442303053118 374.909704278101
504.66224941204933 1142.9736736704347
377.72093548101805 26.85502625935987
752.1798540071114 743.4852258773127
1222.3969209999593 1292.320092407067
1928.1505524408847 1577.7343661454236
1216.6685270552034 -186.50545861226118
978.7938466177261 124.15131700631568
1157.3978682632028 89.47148088405407
749.8494448977781 1287.114198489353
971.696453044414 389.1898392614603
1084.785690927608 1201.8583670126684
701.1051911091218 1286.5771997174731
1031.691516009603 292.35901133540466
1202.3520733829487 1399.8030002893026
420.5697994950796 1311.5523246282473
967.8208595654178 824.5770164404834
320.4635112718029 585.779839162411
1415.0076954096069 1294.4420194296306
804.8108097732489 658.5399192221341
537.8285031362199 147.60500343107364
1369.606882635396 1293.9418542038418
497.6952128251985 477.3282592464163
-84.25291915876453 -31.968010044460243
1522.880840669169 1321.7157632898657
1308.9756933309247 -388.6142533481877
845.1810033169152 264.6948384369272
864.3071435201575 562.5140302482224
914.5662270676139 915.2625847267672
786.580061535115 898.0378246618417
737.1016827330801 767.8210917955214
558.6432592895935 440.0329454062697
966.1729526968613 1002.1520012925075
249.17658050076452 1281.5984567885862
1166.3185310157826 1291.7022959652327
1254.0834074524828 1486.9022180881902
-330.34239896023746 2346.2188085614725
-32.514578017712836 -436.4872977972155
1673.5400827094877 1718.7569858003947
239.21628216790933 -443.76882899256987
391.2081282024317 542.4898102938057
1415.2695524620556 1388.871045047904
1194.7338007172993 1386.9762367408355
177.414391638664 343.02257566818173
1123.2916740947028 144.51819398874594
276.43905554490885 -415.44576225064975
946.0215361305862 430.6286400364703
105.27968715133134 1105.6435969021009
508.23761892622286 1212.506154957603
673.6531749586338 1025.6214196549479
751.2385309479284 2002.738867964848
1538.0783819120156 1295.7978470886767
2116.1267281664586 903.3074339869397
625.3994792130354 399.1834954689192
855.2249477169265 820.4835625859391
-304.15434430947136 783.0453025565782
1873.884169711169 1912.7308979178945
570.5643958257135 1142.09002552872
1855.3781851760862 -263.8044686185032
723.0177091138506 790.5523426457789
1056.2732006694448 252.68466548446673
755.728543081754 1287.1789665032045
1242.3873692311233 1467.2097860496697
718.7008279992493 974.7270605243489
245.0835545129076 631.9063240567548
1136.2093303235922 123.66935600630528
614.1361230002115 966.2850381077914
-155.43713673414655 467.50371125715515
1144.9253108254293 1303.1144808562026
1010.11740926808 1076.1405782892964
371.5759272263879 1357.772327525482
136.15198175335888 1204.3399263118783
519.6399334583607 367.90816502387224
291.085375297197 1282.0601516466968
1214.3131784707518 798.7818870199341
681.5527586073827 1016.6965540944904
1286.6161376465498 176.43500826745648
994.5286359779998 1049.8940106251966
1246.7481794043633 1474.552012224392
342.0515273312185 1282.621628311585
631.5628382808686 1176.949956033083
1170.6773974730147 68.03858717077595
982.2154264737916 372.21242719190707
165.38920751695903 680.6728695806671
1380.9896146618187 1294.0672538693148
1006.8108697079729 1289.945054617378
1255.9600648960873 637.1413520564073
962.9192735830426 1986.6591408105737
477.7527451377217 1246.9476410266798
125.8629897233321 1171.446817465236
490.6360989663092 481.64787049030423
952.3076944291436 1289.3446117771778
-255.63605339708855 955.9350533165459
35.98036133899842 1478.6130570333517
401.4846500290795 1333.1145234426456
663.1446913598436 1037.4937926221398
299.91482698598895 598.3539850768205
1612.7295744524467 1072.3112613890287
575.0014629211516 1285.1879580755754
1542.658360331589 1309.3735180892625
174.480364948878 1280.7755541303702
674.5532081563745 369.1053575514676
889.9574654936197 521.1149252135068
682.5882424762852 1286.3732048277798
455.5394698760999 2322.0115435257435
378.7075564135095 1283.0254552464385
1050.4483080253765 1144.0450659285473
95.74130297234947 1075.150123090019
847.5419962462482 829.1636794164234
524.660422084975 1110.6970242059413
640.0097312879096 1119.2174779933678
235.45066671690248 1281.4472430911355
761.4216206601438 926.4615634946344
868.6401050236065 555.520717315221
1136.5597160222067 1289.0294630060203
76.79781631356882 1014.5892667122764
354.68810966865755 1385.0289262380802
966.7528251832795 397.1687554437759
226.72781467324174 643.138563936475
1518.171692105988 1295.5785418958149
450.0471505528537 1231.1213474693238
409.2199767734224 228.32022636764992
-209.99018989328607 279.76623860562336
76.09275521337662 923.902093709439
1048.4695478184467 1290.403994025507
1170.4506432017158 1346.0910737475208
768.442854387156 311.6524279557184
1173.0121627578696 1350.403863157082
1265.6689799655842 286.14828615485794
663.8580074537593 2047.4964700970393
935.0019472599187 448.41403538426124
766.2750923497061 1717.9481051747823
355.23880493615627 2427.3339470015885
379.82188046194705 1344.4635244444348
104.76889396801307 894.4166419599496
562.189659629928 1151.5517133815374
2293.932564937383 1034.1867995742707
1501.5397514007366 819.8580830062491
798.0920247891121 293.5095147798726
706.6115604401776 988.3853863914602
505.91854435453996 -401.00885122026733
788.1292921610763 299.6059077181618
863.4908407601657 253.49068714051074
2004.2684905326742 32.629170334842655
733.8881259685761 1286.9383580979968
1357.9745402710648 852.878621255485
1115.1594497625592 99.48969283562168
873.4428113512535 1014.2070261106531
464.21104334642473 1262.2469116365019
1163.041635160334 70.18963753679712
597.4521147530763 1285.4352892279594
-138.3199046112412 1224.786216435161
77.98520824669238 1018.3852665522878
249.21340476698902 2662.5460125115287
58.03464221431639 942.4698522238077
247.6563901397027 1281.5817093713326
1119.6724711286474 1260.5966795206728
915.648907532282 1288.9407544604246
837.1397989509153 840.9159712487792
615.6913031628006 1091.1061257371757
1035.306509091059 148.3532849630903
78.66570922858128 1020.5607753681362
-62.84744464204163 420.37845950346167
1285.4216300063426 2037.814908573322
893.1900750917749 879.2719003546391
1418.2983727433354 777.7229021037208
-223.62662544572726 -581.8265729016167
718.7119795341696 219.85733025891992
449.02977857525724 507.10759999327473
723.7436768677553 1286.8266001719824
125.92936460281041 1171.6590128026405
192.8997433584172 923.2024396981036
486.01885270068607 1173.0637419142613
621.6301502308866 1084.3964795047214
1082.595431333017 -22.045642611720965
-622.5918708558469 -374.6396177979727
774.8371495032742 548.2313237653641
1890.854262345735 1869.3775498765233
584.7191295474421 1126.0981579661159
991.9128377847117 356.56099989828584
370.62124503568833 1359.3131654271833
645.1388377723731 916.2472784827097
99.02290633713181 1085.6411543158458
557.3102017671343 1157.0644729609928
1995.2995849046426 1720.512239357578
-162.68733027530433 -102.57022227182495
862.2488225897907 565.8361189330963
1015.5363477989857 1085.2643582155538
495.4236575139205 1226.983232229872
605.8170675637261 1102.2619320622323
332.94666421675254 1216.4473822349964
939.6090847912586 957.4268427806273
1394.0666793943976 533.2571363072263
527.9808974496605 1105.3378435870775
1118.5174217600904 1291.1756874940863
297.92643742324566 1282.1355172882752
755.7550038009358 737.7150058394313
290.02200277030886 1033.7757243416515
804.6382211895176 888.7246250385491
958.544240980356 195.32563348524675
411.2650265190417 949.2761574339644
-273.2349988613339 2475.7133492289404
756.5764778798365 931.9355542589849
456.8345460059 502.3317085962433
1373.087827007499 1293.9802025773938
474.3135664140263 1381.8503331859076
164.09413796996313 833.4170898754359
739.4752988587434 329.378247523129
1088.8453682109682 1290.8488006289367
1167.3278486928434 1291.7134152728615
570.1124552162404 1037.3383546504706
395.2925331320813 539.9904822178761
354.40635126348803 1385.4836786510166
631.6047883128604 938.0909627724856
644.4666285913405 -519.5620491838956
1055.2539394166045 136.14705822651592
151.82482042883458 1254.4447749679762
480.740259274242 -20.84009154124354
1284.0998522451491 1470.7280539448716
1916.6812912684154 -433.1129731271678
1045.575563953845 1950.788346474652
1162.639565227972 -44.6587283777238
1601.7583856395347 2377.4804336679917
830.1894207808389 848.7684345582976
2534.6777098070133 1869.3438082695623
782.3322429242648 1287.4720503650444
167.2124954189787 679.5571636889863
390.2973269900437 1327.556363920255
214.11367201064954 -133.5790499774053
140.42311844573334 857.7561653002979
356.36359802139856 1282.7792994991883
1050.1210472466357 1290.4221880298414
122.41957667639387 1160.4384932458818
573.8205662747142 -44.823798061918474
1485.410056627527 2263.9850412142464
829.7011153034618 618.3674654783746
481.47571427320054 1242.7414701071348
102.7531218217238 1097.5663636656088
711.0297322367277 809.9006968069167
817.9825431239635 862.5596350626204
1394.938917371383 1401.5584642822714
454.19500766625794 1273.5629221845252
480.23579824234844 1244.142314046975
483.87996912974097 1284.1841037449701
1515.1298926425652 1326.5527753477147
1738.2475099131464 886.3628196734277
1371.4734784064672 1416.2021711974055
610.2252282662425 972.5971437429101
822.2543925492515 1287.911859032798
381.4723479515565 1341.799703030052
445.30463159562345 1238.7756779156487
328.57030452145943 1282.4731102909036
1163.2357619556735 696.6446184650274
155.92165337998202 841.8202226023751
390.07902011117443 1283.1507307725876
593.9468588235892 1115.6727676063397
1133.098622359393 1283.2020750953482
1533.2652031613302 1315.2353577426659
98.74023203942534 1084.737466528405
-353.3179886355116 -644.875247681857
1311.340693468271 1293.2999555267068
1246.7640582454246 1545.3569481664088
684.2740181497146 853.0838825350751
1158.1933366752062 73.15640717229613
574.3752110603812 1137.7846070209305
1236.4451265523028 1292.474856682697
882.4714923225781 533.197135718141
1185.2350157942758 1291.9106924079883
391.08807346200814 1326.2801149794989
451.83872752091276 1228.229778187847
1600.3482373686509 1032.7752851577357
1128.1208430303113 1286.7301659204861
1178.9136014485548 1360.340020866757
573.897170040444 1031.2299008581263
1385.975411594299 1407.152178157728
1638.166515755138 1341.2512875047346
826.7983113200352 1287.9619178317287
895.8045073640864 883.6737780560806
1369.1769718446208 -133.7587271609234
513.5557706527654 1662.424101017207
963.6029810061303 402.2525407493832
403.6420639379021 1283.3001501874276
950.382749703083 200.31981125216387
360.4763527067831 1375.6868181058805
652.4613592922466 150.86064764269227
755.9859660813478 -319.78292386928456
1509.6090098529687 1500.139311888878
1154.5313474187215 1319.2880106611485
1071.4407425791999 126.24203355324208
-434.4943545410057 1443.157462135623
855.384016377834 820.3038485052223
946.2283237588384 1289.2776374298442
1100.2033998379893 181.78220541179596
546.6913616121046 447.34654774014723
777.0935771915193 908.7555537438529
715.6925037259234 -576.0076589142178
907.5540449385505 492.7143990350789
1902.7258262200671 189.50593994660693
846.0157919220803 830.88796882415
118.42068856651643 1147.6543583685414
1155.9858725303318 1549.6852820006416
574.281070310278 1285.1800217565788
-286.0362688351251 -199.41865624797634
832.9845398321305 1288.0300693953566
1144.774952754913 1291.4649577321322
-548.8698698711725 1802.079382341727
1479.089204410971 1295.1479834963523
2193.313131571749 -67.35629582629387
231.4836082523349 640.2283998806861
1116.5745472812087 1255.3807548056873
1403.557482376208 1396.1800121617557
616.880515952456 961.855642944485
1336.0796401100943 1293.5724960403406
-40.465063792052334 1591.9424560180407
1532.1157475663083 1315.9526803919725
1017.4099505650487 1290.0618210659522
1113.3145155475638 2224.22067153091
2206.7244609726386 62.25368524227487
656.6994789794229 897.5886355193007
461.9149313039573 1211.966987444049
1409.8056807509026 1392.2807974109282
1019.70594694883 1092.2846454557434
1488.1009220399337 1295.247262507172
633.4893730718408 935.049280782506
490.16797622250414 1166.3671397952132
135.62332277768544 1202.6498446033074
159.27047745431076 1278.2479625162823
-689.6415079887096 1494.931481515908
141.25594986370763 1220.6569161699274
1310.7899461297127 1454.071987422216
591.2725964553118 227.3754468677337
868.6028952009447 309.6507067446051
88.54562847887253 911.0977689377535
1160.1529669723518 1291.6343720549883
408.25317146121 1325.4675199408332
518.6750735410488 1120.3572566699136
1124.2984883844408 1268.3854306084017
1146.9348947230383 80.04567024658476
864.6284518829062 1418.3976598570493
1397.670676196512 1294.2510234187807
1008.5889020305182 897.1057825066247
140.381687935918 801.1408524371521
1151.0599919222511 99.70068613954967
361.9530390687801 1680.7378916507885
156.15457417483967 1268.286661600882
757.0304732498931 1287.1933094225647
1300.1222289503705 -670.7066886530188
1123.2340646386954 648.4794783122122
298.86562998761946 1282.1458640515227
600.5254085607106 988.2524581371144
1804.8373768301371 748.4266792723598
997.4813078173838 347.57360098751315
1961.1208535232684 499.2349833137377
84.17844127585485 1038.1845518026166
1296.170309270094 739.6165052263085
-438.5206666981502 3.435193026339948
746.519948432733 1287.077518565593
376.63543891121566 1349.6063771767394
880.0378605217821 537.1249686179078
350.96343589295515 -326.9759239526842
385.23128002780624 1351.4774079458955
374.2813937817002 552.8476135234595
961.6506337252855 994.5378453433904
1528.2149352739407 1295.6891848706823
269.5333153970108 1281.822719974277
1027.079979485739 992.1636404189971
226.93372139384962 643.01256554584
240.58567085589831 634.6586679354486
1343.4981422959033 2221.043018829397
62.64177497782528 969.3335014113321
1229.0047418147528 278.24016821582296
680.9363609851431 858.4707942342313
1535.7466763861678 1295.772159486417
2454.3141865125026 2523.725554865857
1007.5637535342128 331.3007358878209
497.505195371595 1224.6315329043398
-283.16409945623644 -197.72446283454238
568.6867622842692 1285.1183911784904
969.7769940187723 1916.3600351607415
1459.8689908051617 1294.936240976991
360.2650111327941 1282.822280033027
754.5118814019783 934.268113393845
576.4823015294974 429.11688299673034
998.5196666960844 998.813676818897
630.361393522354 396.147202065782
784.1355453682714 2106.6087804293543
1902.3565444269886 104.39010076304285
1142.616918595299 113.3276370932233
972.3097447440555 1289.5649675241498
506.62409750508755 1214.329094292492
2164.61032180044 2465.82514638194
1161.9990684416593 70.82760471093749
1526.6657089084367 1319.3538001793052
887.2564716780474 525.4742750409545
437.2714456364899 1251.7410788813618
1212.718848406629 1417.2573731930815
-258.0950622471147 -714.7537869595715
781.8248070096565 1287.4664601171328
-191.02540680036367 1593.560647873038
575.2004369386656 1136.8522756034558
1104.7350431753498 1291.023851743237
1405.5086938593226 1900.8201440719247
621.6524458394734 954.1538438475644
1080.6027662932643 1194.8156438678654
68.16876977394438 987.002874746739
842.3481341671542 597.9554307734802
1680.491333256127 1317.9587356533607
299.7878467609669 1282.1560237982867
732.0454471533309 1927.4713012071054
1162.6100107141506 81.05918754107275
970.7254191521453 187.87172988679384
1060.538621297387 245.80036216943955
784.6110153618079 691.1419821273914
304.64536953442064 394.36996707457337
171.53089336834884 1280.743060810782
703.1125544512611 351.62932927943
827.8531130984404 621.3501039602315
-587.9295489042131 1409.2232219514592
-247.09839898326464 492.1262757605507
360.33556576517384 1375.9140454049852
-233.26240255184297 984.187684121585
929.0166133858024 458.0742441714545
214.53329465431395 1281.216803557539
961.0904258565499 406.3077543506242
1054.774640671502 136.4403505986057
559.1538352279051 1154.9815554919508
1264.190712143815 1292.780520309272
1445.6877749711682 1294.7800113725818
772.2512714544677 914.2263392469172
1097.1000983609497 1222.5919373795023
1074.5720759839103 820.0674347504946
1103.0667492194277 106.88945522496212
898.0790929967508 887.5034614188828
-609.426391977917 810.6385969651562
924.2323462926281 931.5372746954789
683.0523880354688 855.0555690295197
1511.412438791409 1373.7874698377846
92.64187445412423 906.8859165649233
764.5846895849985 922.8879618761164
1371.525734874096 430.45582244657083
763.3447597069567 725.4652920827664
1847.402818976497 210.16447861150104
-36.50007677057678 1215.5549900728026
212.35695185392842 1281.1928275332866
1015.2302328198438 318.92719213579
442.57209843397953 511.0591820622576
1890.2620371877374 483.6775637554608
-581.9775416504672 -737.5955932181222
118.87541209869067 1404.5784966734084
1736.0548201293634 1674.0805071113268
1157.3550052634628 1291.6035478678345
1024.8071925602044 698.2424279382452
800.0219467726856 666.2690480245836
1217.1197354233525 1424.6670761066518
996.2734297088697 1052.8316918567475
1150.5120999542594 1291.5281619205377
727.0860941388756 965.253476053011
87.80938072153208 1049.792383362179
75.58120462229394 -355.4584629354089
634.5067679807909 933.4072258117736
891.6419765700572 876.6653916932546
602.7165694970092 413.0636160919996
227.753176452206 642.5111248048778
158.11157138105003 -516.0153839026902
366.4143860579203 1282.8900255932924
61.24121488018208 964.8560194963302
1120.0412027900397 1291.192474468511
157.762178125333 68.09446951232466
2314.199378448608 1354.9584895867456
1157.9897530535434 1445.6534928542728
1036.614416089698 1120.753163866011
1362.7627434237347 1293.8664546630637
379.99957317952163 1283.039688953238
163.24063327265276 59.906415423283114
327.37476792472563 2157.072145934486
790.509850262024 681.6213809486168
203.35412194670639 657.4413883321436
715.0760236716211 344.30864608983984
1560.0819008766634 1296.040252331196
1107.887284885309 103.93967420709635
56.40045918363078 909.8318134608173
1314.8308499247175 1451.5502442349361
-339.31648862888744 1373.0695129781786
163.00266606112226 834.5393658756818
426.80435016483466 1268.634760967995
1837.5960335166458 607.750110592237
1108.5549685017056 -387.0419037740522
669.8639869480824 876.3413837815355
701.2298068760123 1612.286891852538
1082.5061048486587 210.34528445819743
444.9317388373469 1723.7836596090401
1681.370746526479 2596.92280154963
78.66428311996255 1020.5562162095824
764.3452292977058 314.1598457086332
1020.1309057790877 2038.6162688130883
383.7283020092504 90.91945526295785
1438.3866129943556 1374.4447451742667
457.34837790697225 1219.3373130065902
933.7309773828315 128.1733879162581
1565.591621109223 -439.35709120961883
1085.6735521034382 117.5326961941916
1249.2401795085345 1478.7477528472084
840.4454683817789 1288.1122638933093
-395.1052951555465 -366.7175109555358
937.9207012603574 207.94558491882398
960.6118687181396 992.7888933546857
1139.4806454704676 84.6070726449325
1086.5288037839646 203.8527290852834
885.3384802226378 -225.60595621286782
776.7409472835934 703.844114105986
907.2553521412788 226.7103179292876
843.2864208880659 596.4410548310692
639.521269379512 1900.5399924657502
616.851389606504 1089.7954724155668
424.7633699060297 1271.9288621568792
429.364136405899 1283.5835214620276
1157.4275014627442 89.42365349453436
988.2394489396655 1289.7404596267993
663.6489819643975 886.3722771316089
828.3053459406871 630.1897731640433
440.9076597144748 512.077685000623
1134.7766050286516 1291.35480935499
1070.359242293491 1290.645145302556
563.844644372669 436.8501151052185
1148.0345156236233 733.2429268178555
1435.8788536773193 1376.0097230341432
122.27280110928251 1159.9692631511425
897.5256371228572 886.5716166371974
839.0048860819968 1098.500216507995
-652.5282432038196 -92.40148063631187
979.7733295497368 182.33513474632736
513.362773197949 1128.9312028413294
491.2707736877876 1164.587246812017
1531.1290718352452 1295.7212889164496
411.79395598044033 1283.3899567938497
682.7382446757034 364.09677198573064
460.9261952104574 1213.5627876616354
976.4667484174128 381.49067823737226
-813.5013798486169 2472.295472151097
573.2171236116546 431.1149098778872
1069.4910868424708 1474.8188016686258
1869.2727350310543 1406.9749807490462
736.3869840993777 315.05285623060524
686.8558696473714 848.9168260183532
167.56902756881712 353.9591952700686
998.124553257725 1055.9483988981258
747.3097359062579 751.3454987813838
588.0804526181098 1122.3005709229399
770.4836419628942 1287.3415183808572
589.1309750233997 1121.1137018862476
1067.2073965705522 1172.262074624767
295.5948103816172 600.9974885917169
51.85451833994867 1625.2254443254633
432.6012217454177 517.1605585120927
402.9305287195712 151.85284538617586
109.4682633000365 -762.2524191711351
1120.0979856736394 1291.193100026118
643.7001847257728 918.5692356357754
258.71652799682806 132.23903136190071
556.399478039942 1284.9830263706187
1.4656907275735105 357.9117177778501
-366.68227876659915 714.7411745622773
1486.0393329622207 871.5564382764655
947.3639390441916 970.4835665578827
1522.6987008270726 1321.8294284324277
413.0536082222751 1290.828182577839
707.2273899534528 359.77907558587776
770.8078686990734 310.20522897041656
1819.9579743893855 -33.36035808246623
757.0547733747467 934.9017563444663
2487.626183638738 1397.8134236384126
868.363636149247 250.50892736547402
384.4994058004082 1352.3042716613936
-69.82372649639312 -397.3817493310871
1052.865181777758 1148.1143175173063
1903.0964348107325 1696.2027853802304
1339.1493100106338 1436.374205863867
1036.5237277373963 1120.6004733411862
249.82529907808566 103.95403910237462
717.2004798397384 799.9412339813014
729.0082061105813 963.0818943972694
133.16174243900312 865.2224756607443
95.59070756439078 1074.6686812606022
670.7808742805499 874.8615460227306
-380.4596694818353 1503.611837851912
327.07213365285884 1282.456605454867
210.34733463004372 1281.1706882676851
1100.3073615596513 1227.9919550072436
90.61078636161153 1058.7482597370283
678.6231290102837 366.6148925676592
1103.8780578118788 175.85138116775315
1212.3600266806748 1416.6532308058418
575.628688107671 1136.3684419889983
505.07955274552126 -880.3934383198484
783.2321094296556 1287.481963886551
927.0445993102546 936.2722200142794
776.5316846464855 909.3903739630989
59.13702211897466 958.1290785747391
1012.6528890896051 1080.4095250151406
614.5852554194917 847.0864279583934
209.12839052871675 653.9079992990893
309.60151875832213 1282.2641376660888
509.48820259606583 1158.1906255155172
723.3402199783249 790.0318165811542
702.7910715378007 1286.5957724855302
552.2643639928012 1066.1448157932512
954.6183910537918 197.7279386220662
783.0478362485837 302.71535099017854
951.1129644389864 422.4111768976348
710.0567775504031 347.38002196143754
916.3192373405923 478.56755435698693
1276.5774767725363 1475.42242432896
2139.6264687364533 950.0626604410093
524.0307890436527 1194.6631993869228
155.81682597714496 1267.206906830239
1193.0227319607966 1291.9964870133444
1716.882055146833 -786.4181297444707
170.17896975443057 2413.9336165301056
1471.9482244610927 1353.5004789002237
286.9033913576343 606.3159396171328
185.769929592282 668.2015030614463
858.3600447269539 820.6291366360441
477.9811048404514 1186.0365056968246
1841.8511522414176 1794.3890557666632
87.77409397530738 1049.679574373599
902.1185262348004 1288.7916948774978
380.1219022149807 2509.9511057801296
463.08916907838136 1283.9550586119296
506.50845457336254 1284.4333940294296
1116.6205307325263 1291.1547900944338
276.69100602205367 -845.2364999103031
714.7088328597068 1078.2918177201286
-491.8074952624757 1628.9322353512384
1004.4635963628394 1289.9191955097779
478.75595067355596 488.91756795804105
1506.7931110899308 1295.4531879606031
1762.4403648475125 1108.1724776244641
1332.1967506894186 1440.7129800569337
884.600652442921 1288.5987064536116
1091.522571456507 195.79288825332674
619.7547311228296 402.63762835397864
-386.88308726952874 398.3051763055778
2066.1639314127187 346.89551504409036
843.3185192738202 2190.629741673842
681.3310603988828 1016.947026371744
-485.7656171942774 -796.2431389550144
607.9757151777269 1550.4955597362043
162.9473521156252 834.5962409202959
429.49202759334435 1264.2969035220951
714.6461700226585 979.3079699676513
1924.7175499987914 285.29068402173925
429.6167005345499 306.2148742316525
827.4291633873289 851.8869439943279
-206.59911900715827 -72.14995903361141
-554.5148429608139 1196.787580653643
367.4534325929971 1371.5626308342091
750.9539099572781 1287.126366003151
-25.638699990067114 1507.8588942296662
346.8507373516437 1282.6744995668953
1109.5966349900907 1243.6321557533474
449.08606668233534 1283.8007912223459
282.9201921878375 608.75333788899
-54.25477012639867 1705.4304924096962
1259.2014990870075 188.7315299593601
895.4508210724276 233.93374372367725
909.2598076183132 489.9613322931934
1214.7937682344584 30.454952179182996
67.21495607225525 983.9536063813327
1319.4964394818724 1448.6386632428466
499.0351045329506 476.5083530369267
533.4233647136588 1096.5538106169113
1529.2002890671429 1317.7720846591951
775.564252617195 910.483368377009
118.55610764279328 1148.0872826436196
446.3264404489379 1282.4527457107472
649.9124664243484 1150.6370299868404
796.8391512734166 294.2761728383415
1377.6506213895875 363.7648935210879
1042.8172438327072 1127.4444351448683
878.6168449097173 854.735186339992
938.2499394734302 955.1384715992702
1748.567695987365 110.60089124396313
404.4310502280461 534.3984430484721
-642.2551081543837 1816.563966693216
864.7868703171931 1288.3804247928858
1303.6721495759703 1293.2154738015352
461.43224109945544 1283.9368048031088
2336.994182920011 -163.9910536671936
677.0026232345664 901.6126992340052
114.19389169062767 1134.141616857467
70.77595364505845 995.3378392024887
844.3773022588412 594.6803941853331
1043.52797913511 143.32240500372419
465.9019941373143 1283.9860465435268
1964.6834672002185 1440.2037587526704
295.48563895437525 601.06429274505
722.3705582509172 1286.8114729938316
622.0763997275301 1285.7065665532218
-32.50983956717378 1478.1993591676974
259.94331287703284 1281.7170701966052
639.2462127985463 1064.4940394380385
863.57852435234 829.4154071169023
1053.8034119929398 137.03466461650763
873.0375849459136 548.4232729486357
278.1771215067663 611.6557165521008
440.50383923565204 1283.7062437579648
1314.748171936818 1293.337494551527
781.3384472185196 696.4238414520978
1069.4801488207327 280.43596901211066
1292.5753710353615 2578.3024695932354
2155.676398543416 476.1420474179215
1360.1961690857227 1293.8381795914331
1377.2439881848404 1181.410801254643
158.68514945792842 838.9787336919123
986.1407364448012 178.43879266031695
992.4367480937632 1046.3719325323511
399.81511806219663 1827.0062980246312
969.6300105870022 1007.9725942374339
204.4050386166568 1281.1052240249628
90.50441515690225 1058.4081992525378
1913.3212087859422 -355.11923575627276
411.54461260561106 1293.2636712276826
692.231139868308 1286.4794373301652
939.1481242801094 441.7221888597227
196.4003993715366 1957.3775950996899
352.296140041709 1282.734489705828
1034.903541782854 287.17486618125747
1286.393359120809 1659.5911793689627
1481.942400609866 2144.9228655702964
407.6875392461757 1283.3447178052154
1830.8461209096758 938.6362365942573
300.97296805117645 597.7064876523319
1800.2622018895274 -515.644408326083
195.08781771452084 662.499703217061
727.2154271367905 965.107357007977
702.4866403445691 352.0123384880958
429.4564087737166 519.0849317045406
768.4694032819457 918.4990536718701
72.45681847210184 1594.0679863846483
1064.1731816781735 1167.1534156560133
877.4126119872731 244.9716802609545
148.47903212126786 1243.7485494623638
690.3754648163903 1286.4589939928192
1698.1248388363558 1284.3817858501955
1007.9753000520739 1786.7163485066321
385.5279541643939 1335.2540359714314
1492.814659060227 1275.8716579271297
833.9149307548373 611.5664518829552
1473.2850220046842 1352.6662447117012
906.3064370907131 901.355708766365
788.3129334581884 685.1671605925768
1052.0499371043973 138.10765054587978
-399.85454536032245 -309.33986858573616
785.939512653146 898.7615099737098
1196.3015854301573 1389.6158907266272
511.32168314768484 1209.0218120124246
266.6509999793585 952.8137680494168
2139.1156911959956 434.59075824247543
503.9925035928367 2202.7960970907584
858.8366343121373 2059.725552836933
1357.9612980518266 1293.813558781651
816.6970706764741 639.3557326021081
1045.063014763132 270.77768062378055
1366.0393697366599 1293.902552134441
986.6773129691136 1036.674863950162
1130.8088671706685 132.38559518393865
1072.3223248256356 1180.8739973236168
593.7742618107835 1285.3947715800387
447.78674261333 1280.8029118619836
893.9546357774609 1288.7017560886436
1313.5088486447999 706.486507369232
650.9966639329222 1051.218504762785
1124.2124851102799 143.03202348412435
625.3234944407621 1285.7423386850662
2051.5942271220806 1655.0337467977001
250.78662078071773 628.4165051265716
1661.7345891155921 671.5936489349862
283.7046018678386 804.6265106665984
1056.83319480489 715.5636910205359
369.83386172497205 1282.9276967871451
506.44833794927723 1140.0909626062032
449.99188360570537 1278.3115670299148
328.7898414805016 152.9675991937962
428.2223406430024 1266.3461527858196
1115.4323532451674 99.32269780259976
761.3590917576056 1287.2409963321368
1327.9992852154408 1443.33242622537
521.1139459874172 1197.9586176387415
654.3989544444391 1286.0626530831803
1168.0388145023448 72.29720714671957
654.4319189176864 1047.3373902296453
314.6916280221581 589.3117685634614
541.7641591991037 1284.8217940687014
181.30288980690094 670.9349729656791
1187.089670472636 1374.1059372011393
816.7455641925592 282.0950454631651
738.7254802891379 952.1034214151574
827.4598269988891 851.8523005722262
882.3517621452143 861.0236066099603
1421.6300215633462 1629.1442027966307
1137.0935729576258 1289.9283093692134
1354.0340593455812 1293.7702937360666
442.6626930153518 1243.0397137781652
941.2981246924741 1289.2233231130174
1104.488254856354 209.22490477548484
1654.553243782191 1768.6054107029663
782.5817888052868 303.000534628875
827.0322914513534 1287.9644955108067
50.42557100062226 1182.774906235346
815.9706906076714 640.5280954595647
1099.7154183310402 182.56979777348587
856.2132756180786 773.3215231387555
1537.680734031689 1295.7934663379876
734.8920726040394 956.4343646330757
1119.851693763673 1260.8984337979084
630.9672295929812 1285.8045137848985
554.5653270317922 442.5283127264086
1133.9159517601772 -279.97246075070115
959.1954032080404 1552.2823742401647
-749.6899836731397 1505.4859081846266
1453.1494862818042 1365.2319113564174
351.2329846138933 566.9513904826051
933.6388311343737 947.3748224156265
584.6933510054247 424.0923795888881
163.8078687119704 681.6405220394561
1100.8778866469656 193.01854110880382
595.7052497351551 1513.0083828812617
1444.8886808128334 1370.3871021180905
1052.4814468948632 610.0060044010589
769.6316996317582 1287.332132823587
1550.6098972851137 1295.935902507359
-531.6856431832317 1622.112977691806
1139.9321487282216 117.66080179330663
869.9960760811662 840.2205360743988
1145.189930861567 1303.5600173685714
617.4500974467986 960.9363498403083
2370.493234842412 360.56480983676727
802.7459916139865 1287.6969416521977
-521.5609321645205 835.1308385441496
1094.368655756561 1217.9930512578915
1311.7839216466127 1453.4516927764575
412.73437302786056 1283.4003170468081
882.3024260480981 533.4700052931217
826.5241734680521 600.0102892058621
36.88150144507541 2161.4555175519044
493.2609732099818 729.999195951006
-43.59288503255686 1156.5201523103826
1817.630068717515 1963.4467888500926
1760.0330931633982 1548.8250533258733
217.2551533481081 648.9350725617131
413.5532274668462 1290.0218071411189
793.4052283866982 296.37745810000837
1128.5102128098692 1275.476643499726
1516.9776133692426 1295.5653871387854
1116.6561538826309 813.4273310800287
113.11872039418382 1130.7043776818994
908.5214073071197 1288.8622332282794
-554.4170276973596 1507.7035168337175
1133.5591694610296 1283.9774908667287
807.4492572878305 654.2815178695994
242.9341679575298 1281.5296862647042
1775.7898685199073 685.6058601139666
112.17155530298659 1127.6763644081434
720.5340561759426 972.6558988345525
841.5704028764335 599.2106734728364
362.5724737726753 560.0125330212626
593.1871730623615 1285.3883038241006
714.4500612802302 1286.7242155877714
1693.02586139131 1125.5661377331458
645.9583725230607 1285.969666079104
-11.053129348613876 1476.5882060919887
975.2185253230659 1289.5970125648919
222.13818829291222 1281.300584069636
-160.50567035705043 1529.2699911155269
763.4439563496621 1287.2639645722563
169.59306953924028 678.1004433495287
725.4299752316805 786.6589935296531
893.9932540190321 234.82565780219002
699.978729478527 827.7367935389192
1251.8466680523345 -134.19487139470544
810.7533744158067 285.7617847809586
1035.3895056479425 1118.6908017933995
70.93129830099937 929.2092199599132
1071.6293817398507 227.90009733270716
1421.5219675963403 1294.5137849382202
444.5488913840729 509.849543398715
1125.1389027375435 1269.8004227809176
2292.320763321459 601.1422368634288
1027.4031953074486 1465.4779140143935
-504.38280384248793 1909.7766102293501
468.08677509470374 45.56033717118399
1174.4925346350194 1099.6291582334325
734.9440683534343 1286.9499910540844
1973.0728208322473 1202.6747447023106
621.1029793776723 955.0406716927937
910.8158300391686 -83.76963107164356
1557.154842594208 1296.0080059312465
877.2292706061801 541.6579763920691
579.6581777362723 1285.2392595099466
436.83358262152035 514.5706932692219
-750.9389253982962 -502.33184283121483
1112.1931087980674 1248.0037970763046
609.5500639020263 408.8820658497145
1246.8638400715581 1292.5896360860022
1245.0374142056057 1471.6716242868017
1050.466100575824 1290.4259893643498
-90.41981653461468 763.268698145601
651.0261897269878 1051.185146834783
520.7431823194725 -785.0123297511205
230.63454872937743 1226.6142147333678
929.2329181846866 939.9566574193028
880.9908785971601 858.73230879824
1247.2355122852287 1292.5937306716562
393.5547824039855 1322.2988962375023
1209.5469306063162 1568.6879148775088
616.6931557288208 962.1580385863654
401.2839195166766 536.3242345116171
-307.51758987364826 1167.2300505614926
682.3616785863685 1015.78264490856
826.9259242462307 781.7126490130333
1966.8781645048757 493.5999949555178
494.1392991908015 1228.4342865986814
1302.3725980072152 1293.2011570863906
563.6135632722606 1285.062501480173
357.6782930383454 1343.4089632955254
820.4651395549835 1644.1621513321616
682.261475220204 856.3320864450252
797.3536262971264 293.9613554063606
1235.9391475376424 1292.4692824849537
485.7323589622367 1237.9323582251054
1530.880399168329 1316.7236048100128
932.0265152194288 211.55235381431382
136.23399246565234 862.0635189860599
912.3238332855562 2356.5052829863926
493.1128285408608 1023.0560653902196
790.5998603404621 893.4962987393337
2030.814263950406 86.06188577159034
577.4037242596662 1134.3630250295846
820.3810960895676 859.8497754409626
603.9097264619613 1104.416825746266
418.68536102244985 1281.7386465499792
740.3125881171866 328.8658936827665
1430.8659194123534 1134.2550415499313
938.4965721352737 207.59319815243367
497.4770644848022 913.6537505763387
1416.2226066601736 1294.4554036913391
1257.5815900643888 1487.2768881624772
763.4240305376183 924.1992621192675
2123.861767249603 1470.8303602569313
720.1039186362451 973.1418636505482
-470.3160278564035 -855.4939469418351
1111.3833591701891 101.80035727691005
722.7454753688802 339.61555706362765
586.7343647138904 1010.5109262118457
527.8687281381407 1105.5188826053823
465.5376311400247 1206.1200225919988
955.1578797029103 1289.3760112934835
665.1251608728829 1035.2562792370818
1330.7515731032006 1441.614849271677
861.9108797270675 826.6076205975653
-753.350675050752 1857.7334314288871
918.2985230496279 921.5465916342712
800.0094509904892 292.3362038028348
1313.0064065842491 1452.6887958555144
758.8343733736491 1287.213182373236
2132.8128834245917 1584.5649962376115
1032.0177075284548 1113.0137593574095
395.2614439502215 1340.1454354600942
553.8924392458789 2438.885434670309
1225.8226279957144 1439.3199968030635
75.12285160504412 924.8993704449799
422.98515021116236 1274.7988730674158
1052.2422915391503 259.1904719473685
496.3657532970919 478.14178179906247
267.1940010834642 327.32607544002
1150.688492944352 100.30027803637866
101.69833312830136 502.15785397200483
1004.020353659326 1127.7747049469472
165.83483808685133 680.4001794302026
1214.4589090466238 1292.2326420444338
84.89589204559555 1040.4781862220348
2151.471239366986 541.4984659016249
196.67252032364257 147.76445011105156
597.4634237076881 993.1944402563307
13.590891272870634 208.54216058375926
565.5903639130679 1088.7859988733035
1636.9275849061366 -295.4557459663447
-409.3901546019876 -461.08850354133045
671.4636942468057 1028.0950716686684
1307.3575893179109 1347.3140133952766
626.0743219908564 1079.3755015331046
1238.468669655448 -82.97068763782127
992.8971912147338 354.97227321162165
448.3309435528439 507.53523095103833
-159.10257678245927 2174.912643839064
1554.7620342717728 1295.981645180376
1497.7959105894843 1833.3690612577245
776.0111943751634 909.9784183339958
747.7132030392588 750.6943109236079
1890.5197788246505 2502.7710414128555
1209.9501605885002 1292.1829707048082
512.684284209422 1207.482359829971
606.5638451661488 978.5065426069841
1068.8743668017867 232.34663616801404
1208.5788357033664 1132.0897798175774
948.0807662352337 427.30508396254857
1157.9706258541257 1291.6103299493197
1043.004193017314 1131.511528836005
998.8729655803477 1289.8576054426235
1064.9059416088712 130.24080738127083
-67.23933755901162 2158.349903003962
584.0689612528037 1285.2878516033177
440.64745753301196 1246.2922634143604
2040.108401665982 -188.55543445076813
155.01202359061293 497.8900368631525
1168.5400740956377 1291.726769945504
775.589513006588 850.0711871117227
1505.1506085575302 816.8610509073998
1091.4187144225361 1290.8771503039818
543.8933723901683 449.058692627587
481.1206391691799 1243.142630181913
-547.4022747583928 1679.7117799119003
74.66759614543335 1007.7791181910893
1232.57357502587 135.75467487609396
137.65733801271793 1209.1524334211822
805.8487774522065 288.7630045677775
867.8248488331363 836.5648755667299
1122.9249854454317 1266.072885730449
58.66556876201506 956.6218787886639
1651.1321935453936 1280.8444184011687
1699.005179139995 1620.946654956695
745.7892674332818 753.7995043911314
939.2067688089701 441.6275377667454
956.3197355717213 196.68685229646164
931.5420366912324 1687.299582089691
77.87012102132512 922.0745661535201
1026.3931048216634 153.80757314614817
197.45415100646895 1281.0286484735896
1152.8405837206776 -776.0827457930408
-254.30570655069786 783.7867074215397
361.15245361714045 -883.1300850950405
1645.39170947096 1537.3721360488732
64.66364462710162 975.7972617343338
1095.9714961641364 111.23118075716476
503.82384290420816 1284.4038185808943
1415.131527683034 1292.553935091265
702.9697594272812 1286.5977410288915
1469.2980232308853 885.218538822968
942.4014663669617 436.4713600043655
979.4403535136152 1024.490111340285
606.2393195077377 979.0303205085996
472.5928826614172 1114.4608892162414
479.31908868851036 1284.1338580851175
1002.6429543630516 339.24280702253833
554.503611886989 1284.9621402616592
879.3343466737938 11.318535233368682
146.16139973613664 1236.3392586311388
1141.6538765453377 1291.4305739030403
1168.034942925284 1342.0237979214048
578.3169901316945 1133.3312269638602
676.2288506597939 368.0799987963609
1102.414770751402 178.21309712497563
777.8361533025005 305.90448275706893
663.0913971530282 1412.5345879922004
1134.5479552214854 87.62548326814236
678.5996723265703 862.2421628474506
1169.7497960373992 69.53571727710086
1154.617217634067 93.95939521041412
1097.6029854997648 110.23284019780556
715.934198701407 1286.7405658221176
902.2347674365683 501.29960620094596
1531.8352270839428 -368.20769973352554
708.3969527258495 1286.6575305611864
655.4441572170307 899.6146996578875
578.5103697972646 1133.11274867512
979.485370141127 376.6186833388516
673.8682581506525 1286.2771397429806
647.1847218181377 912.9452626800587
1804.1811922916984 1007.4994368462013
1084.4023131099568 207.28484236868286
267.7594776594963 1751.0277521705968
1912.6452828554363 273.01070751110046
370.8384125321223 1358.9626614450383
779.71440579173 905.7945694750698
1138.0385624750036 1291.5193730692351
239.5193533927667 1281.492066420621
529.3794487547683 1284.685355949707
1017.7534683851769 -512.3994278260925
594.4759320833662 394.0521499844757
592.9479600152903 1000.4823080606968
238.88169546874983 635.7013641419088
190.5790317562747 665.2587184292888
675.60898397433 867.0690738448482
251.73371526146136 1281.6266278676221
1089.2613330324855 199.44248170176198
-442.56208914700807 389.99326254298677
2018.881568218155 1668.114867435355
461.4588738825669 -18.769947988785034
1103.6295071662698 1233.585398303362
64.80520973770052 976.2498344040597
733.2274912284472 774.0739591548798
1989.7689025789193 107.76916565582955
362.82923868703404 1371.8893073404447
1607.124550637183 712.6150192555126
740.4234104739119 762.4598898666841
1760.087514133493 1017.2236426719888
1097.2023244603117 1222.764053824075
571.7882858891721 1285.1525596032243
2367.951790931694 2013.9984517916769
1277.060025564321 1526.9832444182312
1292.3013841029672 1293.0902059674881
378.5252074634981 1359.0538573812532
998.2310067577934 346.36360193913714
1672.4783446339602 232.67639695510317
682.7131620028341 364.1121205688416
1083.0778470617286 1290.7852618211139
1183.6788747182109 1368.3632350724279
232.17241341579805 639.8069063917836
2059.131831274472 2083.3270560469464
397.1384540592129 1316.5149220862932
789.0143511527649 895.2875901509146
930.1955050737005 941.5773495318215
1044.1221759182608 1133.3938587224548
1244.370306712859 1534.6663777870103
1160.843596033163 83.91014539605511
346.84753144792256 1894.797410120142
1444.4169298424245 1294.7660109064686
1333.9937901422127 1293.5495169446726
1299.1620986078758 1293.1657881126027
433.0132330104626 1297.4938658317672
710.8364366580529 810.212671992748
771.7467698393986 309.6306968118879
205.59922439680255 1281.1183799612525
1958.3350505408193 1209.9554385387758
902.8848068803871 500.2504555805677
378.2653598236344 1359.347430480179
1496.2994779600917 938.359257390956
588.9498280071022 1006.9352129061365
466.38891775785777 1204.7460630704466
1047.8303781775749 266.3112115953499
603.734346885178 1104.614967726203
501.44761364799876 1220.177430680159
493.2625037989517 1229.4248807039198
1290.486073496422 1293.0702073114307
764.9420994965179 722.8872177103434
493.5126178115132 1802.3045417784804
449.6414326751927 1231.7761679838238
136.97648747433843 1206.9758071003669
1785.8005965717678 761.2867165213763
928.2877610801393 878.0120289978572
171.78111567634423 1280.745817424365
1236.1769883277311 1456.7534672895247
12.376420376043601 1838.5921695857965
100.99533537436109 1091.946856839914
803.481014910693 660.6861814502081
364.3590390403352 346.937989265043
615.4893862435155 405.2476771601108
380.83579804949875 548.8368440503879
153.3387336874599 844.4760388061641
899.6286887374958 505.5057649346747
381.5103436363852 1341.738378757058
799.2827850672908 667.4620401870576
1506.5241877436895 1331.923202064457
2244.288167489962 1482.8186349907226
350.99887930901383 1966.1181086862541
451.60202030891185 1283.8285086229125
822.4634249493641 630.0489524978375
680.3236022292214 859.4597745723179
1461.3546927112225 2524.386771506413
-767.6395151714134 -166.1223456201615
1520.896536743823 1295.6085605772048
-43.742281414374105 475.67081965612147
497.51672175659576 1154.5064119433748
2068.296869967938 868.4633884371888
1118.307279619371 152.562906668462
886.400101660583 867.8397309476582
935.0067100740747 448.40634829777105
667.871471435609 1286.2110751948358
1204.8219361824565 1292.1264748105452
469.5209107902259 1141.308287273875
1636.729598189198 1132.442440142904
711.3976986154127 809.3068064543439
1031.953005958665 291.93697180397345
432.92814027194964 1297.5900027024134
893.8192584308812 1288.7002646827198
217.20080018275146 2055.5343597052133
1095.2902542539407 1219.544731872555
782.6622927080153 302.95127270020316
671.3385290034452 1028.2364820289488
1061.487472254801 244.26893576126744
1068.160749113803 1096.9471514843458
1496.5399833904453 1295.3402327596389
1427.0970304732148 -218.83873584243184
93.11973691594746 1066.7691799043073
840.4394410061301 1288.1121974917733
2378.1402574566096 208.27053705146963
596.7959497973816 1112.4538949364314
970.3434567229525 1009.173812058327
616.3433489309178 1817.841071403772
2296.0646779868307 1748.0364652802427
361.37261119928513 1378.4326781492507
840.9077244369431 600.2802231786487
453.53028939807604 1283.8497517039373
1003.4804706577512 337.8910725262453
519.1962042079447 1119.5161622291519
1327.668263286324 197.57389871780396
483.7291994527094 1370.9752102790023
326.10333014530744 1282.4459324779866
97.88745091555674 901.4922966994586
905.6519559452413 227.69146774146816
916.5203700006291 1288.9503550643701
86.81568742181156 912.8765332966468
815.1222727003299 641.8974249399394
1845.7889706030408 930.6304406993331
1055.1506240475303 1857.4565086658033
706.6380798929644 816.9887355786528
615.746613817321 405.0902745254092
1317.4702726169435 1101.924316309524
646.7430408861836 1511.4023201985237
1004.1088767665279 1066.0241084472284
529.0341110775355 458.1513682133605
564.7822907825883 1148.622586288996
-39.6387174092675 -8.746484086083866
1199.9456035256474 1395.751265571891
446.89681849422817 1283.776673023851
1102.465450815146 1290.9988484204787
742.789665243318 327.3501212473154
-195.8294622529229 1876.205125642688
761.9277742019669 1634.5462197179204
108.88548326992931 1117.1710471967178
103.76671454256129 1100.8067409149423
624.0093843655759 1081.7084460926926
581.2181167847335 1130.0535649371616
538.9903121798804 452.05897204469096
459.1804876146384 500.89618057485427
1196.2051128705948 1389.4534614247723
346.9385036429307 1282.6754664581074
1489.6547393700425 1342.450653017879
137.5444716465229 1505.0658668929384
544.3226543129034 448.7960065373337
697.6950820627768 831.4225546504058
1494.8071872932337 1561.8690154862775
460.42886847873325 1266.5199725623945
1411.8370115205018 1392.6109104040484
1328.71599678163 1442.8851593264362
69.06827798294503 -365.56539125088716
681.9722050024415 1016.2226680199614
722.6769434855955 970.2348875508893
-240.91408587150147 2286.40396158684
521.1463616305856 462.97803794572496
926.7687559983542 254.88636628333862
998.9506906644815 170.60012857483252
136.13167324066845 1204.2750015732363
227.1225857390279 642.8969957214526
1268.7130553952454 1480.3302499135718
1218.5239221045958 1427.0312827094722
417.25896949110546 1284.0408138634284
1028.1756546827633 1106.5449565781898
643.1665164621174 388.3114943359349
-806.8423155639837 -41.60728861562914
646.5734640339148 386.22671580244514
1652.0140570119331 2145.0241845899577
90.51746077021015 598.3028171512844
699.5048193475689 353.8369736708367
909.4633816265015 906.6710056680851
424.04517202974233 704.8206572941943
381.38975195937684 548.4978687079387
531.5377430863757 1099.5971660915282
108.59038722954537 890.4872965157101
1128.268418434111 136.48582847492315
527.9776237222014 193.58032718968246
137.18720635713902 1207.649459011825
158.9147389789785 1277.1106942245106
737.5485801346229 1419.5236406729816
736.0665440632104 955.1074592740378
-103.3512714956515 68.61972065344347
1256.9367210184796 1292.7006055701436
62.984492252460505 937.3803049275105
308.8267061720286 592.9006301224008
978.9399187227598 1023.647537306059
158.92049773306834 1277.1291045143178
1084.6021310381793 118.18831991310968
804.8271306331148 289.3881704420285
942.69660722406 778.7480218672308
931.2000241604233 454.5502629876715
1178.0400132489572 1358.8691744207517
1024.8599789142024 1100.9624064446832
459.0517022471417 1268.0758803187864
842.836996215334 87.81299634728846
704.2470921787916 1286.611812966926
1134.5604809132901 87.61781854984507
719.7749987444076 795.7860121225451
930.9061732036639 455.02453253625725
1209.3019221369216 1411.504349214076
1283.6186564436434 1292.9945513266389
-546.6010709141781 1506.7877332611695
372.10078861195495 1282.9526707452967
1108.5707931491488 103.52142199572926
945.0346682475719 966.5618106612596
1162.2581714277119 81.62704909032264
798.6239972829363 884.4307141927827
-522.5188867531549 1784.3424483490064
1134.2970884013341 1291.349526684317
1230.6152326380727 1447.3892284027672
366.30639066929535 1372.8585465959047
1078.4632324155857 436.40803159986757
694.2770837776243 836.9391353062707
705.0803882064587 819.5028187082161
904.7179669909627 1288.8203320272157
1163.0899158950488 1333.6979351909188
1086.6306700797172 1204.9647288317547
-823.9250244904777 -320.22566337852044
1915.3008150227824 729.9130580548624
766.5296707504576 1366.7731583454506
792.6776156649169 678.1226510809046
-326.7132753993293 492.6692881957099
464.433812096477 1261.9952298727924
955.6691940341192 197.084931516689
947.505793684176 202.08027748289246
-233.808598827864 258.94711484352234
465.3852831852668 1206.3659091343732
1433.8707723890989 703.3700888135774
1250.9456087969081 1292.6346035359527
455.2279218383591 503.314833667965
-12.117718900223446 113.70241001233029
160.30339809192884 1280.6193713354878
1477.0361232374812 1350.3253540450403
1005.2188270591123 166.76453206941926
591.5223320752228 1285.3699628403747
1340.6197436970735 1435.4565754724408
326.36213956402503 582.1703519655849
984.4669581146378 1032.9533249188269
368.0556052861903 1370.8823025321246
512.0219630749441 1131.0952434787655
-556.8278096390075 -64.3541329846487
196.1054873510675 661.8769710593901
557.222297880731 1058.1428099707146
335.80830089245734 1102.0209181322703
515.4861138011898 459.1067874405843
911.0429974595713 909.3305795212971
292.0881208796275 1282.0711985518071
2280.301353910287 1476.9514779091899
1463.448991233205 1358.804461518177
779.4578589031903 304.91212905842525
-439.756074490943 1647.6603955551973
453.0836921663466 1274.8184746127258
382.46585258769045 -723.165377771343
589.1323824289117 1121.112111814474
416.7193861328365 1284.9116905778444
-430.8173026684697 -172.358861367064
1686.0290884511414 -275.91147934992694
145.23470744228456 1233.3766953013135
1141.090524519341 83.62195584701364
198.17107627405986 2241.192915124929
482.86920779126245 486.4005846581793
356.50145419073317 1382.1022245611498
1298.2262915062715 293.1143945378285
366.2940597048526 1366.297155733476
1160.7140618598926 1329.6977478424103
1243.9700066133832 1292.557755712578
1073.3902411482943 1290.67853678024
483.37233352477693 1177.3351707662348
1050.9930593925471 138.75437489950005
1066.8294226679545 129.06379131717105
593.0598792891583 1285.38690147214
813.5217271392215 867.5994175023025
1204.5590864203643 1292.1235790846195
176.82582964220245 673.6745745379984
1442.0703576631809 1753.2823543168342
751.8854925292383 743.9603193967333
1058.1355689795892 978.9107723800208
-383.7623737607713 1998.7260949313902
116.2137748886397 1140.5990266499734
361.28570594437133 1378.5308627816428
1084.8618822095727 1201.9866490525887
274.69371055960835 416.74424436817145
596.0892911788297 2384.219042019696
1581.5571500922667 2574.6668185323256
697.4854209189206 355.072683468504
363.8603884828552 1375.6220138424376
912.9831121635661 483.9519934589818
938.7307884431461 207.4498765660118
1106.007115645094 172.41512454089886
749.5037207437935 747.8044512722072
-553.5033961083233 580.4087414495255
988.8396048282317 361.521136230808
79.63694187115867 920.2578811610422
1004.4322239885422 1289.9188498910605
-365.1445925143505 -161.73903864591472
-1083.673728441689 -329.19940070469363
1260.8938507955886 1485.209857775928
194.54013587160892 760.806087527087
734.691044511562 332.30582728523757
1582.6936543090294 1801.5519764075284
233.64838530652418 1281.4273879732757
469.07039215041675 1256.7568710577343
468.3443711499692 1201.5900005284534
883.512281373029 862.9775542280009
231.80347509567767 1281.4070632285018
1561.3822850601869 1296.0545782189724
1102.9554925361463 255.8661270748502
968.4871936566275 189.24134429025344
797.0786333661232 671.0194968101555
959.911759224536 408.21009864673624
970.1364475934022 1289.5410250527789
-770.7614261461229 477.02951821125936
1064.4677939506932 1290.5802412312291
761.8225700883227 727.9220755870737
-360.9801873042962 1602.65101531889
1283.9386874040415 1470.828629548922
866.8983375464354 1288.4036861051604
1427.88672540644 1294.5839032980612
2182.392929199438 -288.43449184237494
198.6108793211487 416.7895346034917
1080.4193224364485 1290.7559737646186
997.54993074156 1054.9809161801986
2368.2890879136785 -42.035526862966385
479.6266789441793 488.3847521254391
848.1090272089082 828.5230538676126
944.3455949044663 204.01406555525287
982.3299436503117 -498.0894002879801
449.7484823641584 1278.5865591630002
547.492036363142 1284.8848961322983
827.6742752893488 1287.9715680271706
924.3250097577563 465.64639829800643
1025.9145809124045 154.10039138087618
874.673415518335 848.0956974960957
167.4809381005138 679.3928983082773
949.4767981541304 200.87418090471536
541.5261492041336 450.507243266604
1083.8807620113093 1200.3347527044189
1822.5739368895017 1614.526804344098
853.9207265805256 259.3468290928901
906.5522542810513 901.769587228714
118.00342118335139 880.8086029915905
625.7338960551089 1285.746859939281
1125.1225186854865 1269.7728372151437
948.2828047606172 972.0306460330672
570.0438686061891 1285.1333419546647
-336.3688345144268 555.5950126057786
1763.4058770961262 2531.162911919558
1462.8602933384436 1359.1718409413932
432.92033347937837 1297.5988227336015
708.701284699184 1286.6608832824454
351.3237531202638 566.8958474401571
966.7340513048351 190.31412673381786
144.4739003534479 1230.9444540952393
415.65255921796927 1283.4324657059506
495.87548499735556 1226.4727623462072
189.57248007208904 665.8746472922421
1580.4536427245139 1102.3391476191705
-278.1135733695784 1135.1265483555558
147.46957773458936 1240.5214021461022
1685.4495808054728 1054.2815345079637
1483.4168224031205 1295.1956593835864
1883.0974169802419 103.77010483478306
1148.7810144546754 1291.5090911436762
2220.763694909604 -482.63109476272155
61.63644095823331 938.7664016308312
126.68512922008146 1174.0751336185367
1143.4803630376443 1823.254332078716
726.9456247573432 784.212765604185
752.9595767144388 1287.1484617478116
537.9657045947229 -656.2462123657608
-253.03994744258313 798.6511731993469
1949.5915779993152 1790.0411940800343
-353.1408261544469 -519.9665232704311
656.4214191971103 1163.0414545665278
1114.1896883112051 100.08310902820548
178.8633157803771 -45.856834973725874
56.6513894987344 950.1827040327312
339.39866642370885 1574.672966186904
636.3083219471374 1983.2110894061254
1121.3864348978382 1331.4649347331754
990.1309308969675 677.5048081387015
234.58917836570095 950.1928212234285
531.8431095443015 1099.104310755099
517.994475209263 464.9067395217532
810.8747053958348 836.6048582439056
799.0005350558237 1949.9678557791062
985.8240295741675 1289.7138497778012
637.0913395890519 1285.8719810100818
1082.2953763611079 210.68539600919252
676.4633899874148 387.30304375589526
2206.6416284156207 2389.112195043188
594.4764869412742 1115.074399393842
-497.19636864998836 1357.3940769865744
1100.6235696126118 181.10405982555312
913.4427129958246 483.210206936832
145.4140074155294 1233.9499033977852
380.8189263361038 1283.048715486719
1772.5900774487584 1298.8002293894347
-455.9459713488448 1946.4732293635334
101.63679837621648 897.6371331926397
378.424715822723 550.3122329029991
561.058081680573 1051.9519318763028
1102.4885717127295 178.0939838540849
522.5083410737317 1284.6096593065258
1517.5892596215642 1325.0179969320598
-555.885387970047 -581.7769553693871
875.1332239806761 545.0409535919921
1810.8419673035874 1944.0828839060782
805.55722950563 1957.0055254615575
843.8339748689276 1288.1495939102995
294.0105713365981 1282.0923775309514
719.5526401004525 1286.780428953387
1834.0238657497725 -274.46849639240963
655.5009193498786 899.5230867143075
953.1015381890477 1264.3984562849948
57.67780139640821 942.8367639900225
938.93616306494 2042.5415054254943
429.09484632737764 1301.9208174174953
1339.3956338684543 -894.1506252330091
455.18892149937847 1272.4400089103954
148.38458986234647 1243.4466248915837
1114.5682203584215 1291.1321804929985
386.14274554659943 1350.4476439001019
209.91997504609367 1281.1659801933197
439.5231630953804 1248.1068520796257
8.141609382891643 881.776589071759
185.95781182525997 668.0865342109189
1089.6481717116471 198.81813183486074
589.731426404456 2348.7398298895723
415.1691821159295 1287.4136887589032
1131.438464147772 1291.3180341986574
718.8375670967407 797.2990079938946
1559.4620510218942 1298.8871034976028
1010.468174816732 1289.9853458968446
626.4325449316505 946.4388598174177
-257.15960625840984 -661.7063888662318
1042.0039388513214 1290.3327646229636
-568.6509457395381 1492.0203873581588
962.8326613145625 996.5280062447958
1856.3225268109754 2339.8505930607694
480.6835777451333 1284.148890194355
717.2837894490225 976.3280156021222
207.80331510029745 654.718839134516
1401.318271329708 1397.5774013320627
793.8448830332045 676.2387049677395
1428.0946256039815 1780.222992592865
256.9093968104941 705.2341047020313
934.6057682644237 1394.233068487879
932.1046332332027 -117.21210828189116
890.5545535091347 874.8345149195083
207.3938492153803 1281.1381507290594
616.7958853872874 1089.8581804919127
198.03057117581102 1281.0349986974409
477.1026418771477 1187.454327294719
996.3709704294139 349.36566325464946
1076.357453395419 220.2690845414042
1817.2276179112207 1806.4117323818084
850.2625980806956 585.1816448073953
-389.80381369303905 170.56741586713287
701.8406739491338 352.4076180884357
598.8481162681679 990.9595742452373
1326.9934360135876 1293.4723964375848
1988.2430002220435 892.5871567719654
145.27700990189126 1895.5992896039238
126.4063761718988 872.1684954098861
553.2437977879227 1064.5640292986125
406.5811399882234 533.0827606428492
1736.7277974252545 415.50221042851047
1681.8946100804053 266.79123945989403
1034.2915730768568 288.1625713946172
1558.4775582713164 1299.5014803827353
1500.499710172301 1335.6828028971588
1741.4592767137547 971.722949498692
1018.6301203180809 158.55789674456645
1439.282879497962 1294.7094508298349
1166.398265754211 74.94501991136381
998.9008769622583 170.6306105634396
1539.4345595467614 1311.3853446703197
560.9835939003548 1152.9143136111359
1681.6321723847077 2136.5419487017493
978.024022301937 541.0518539428164
105.13055392876825 1105.166829565893
572.0163081392374 1285.1550716463623
1052.2598607591692 137.97919411386337
1493.6380635940345 1339.9648426066055
438.6053854571953 1291.1759114939357
1694.8686321485334 -147.0782585753643
864.0858471918172 253.12659094887474
736.2842240353152 769.1404537327838
587.0740190350585 1009.9627309520713
629.1571112247502 1075.8925990553155
723.6730487905896 969.109498375152
512.2151353987485 1208.0123991648634
1352.5067563618481 1428.0384346986968
1235.7011675095632 1292.4666607403813
-119.07737654148185 1401.6698849898341
1283.319359792334 1650.2955190003042
1278.7557169593344 1474.0630842827786
763.1321953101524 725.8083667544621
226.677630532328 1281.3505935521518
505.7895978328325 1141.1541559376356
2069.1709416831127 1629.1946703008873
67.77174135144627 985.7336056989714
105.06633003516522 1104.9615107633638
79.61359131768224 1023.5910808285341
2220.522504793058 2386.717000788003
1245.7471013065986 2300.674252279674
113.63988297544532 1132.370493999436
1060.8658774144703 1097.1184698653433
-611.7765190230627 748.8151888875167
1006.2430574329742 1289.9387992237544
188.61994285708195 1280.9313250239925
1150.6164140463288 1312.6965001075678
313.5255292384724 590.0253274489227
1177.8103511151628 512.4428077067766
1157.1462596962194 89.87757206306397
1480.288610759517 1333.5834428243122
555.6146653917876 1284.9743803581055
2375.664210287907 1372.1355382199706
1037.7630716084918 146.85006582202865
604.787887670345 981.3729023736195
1203.506577582567 1329.8229755900666
1473.8376202084307 1352.3213934540881
635.8769484679465 409.34616201462984
622.4800179792453 400.9699714804506
1018.2231069954205 1290.07077933222
1108.4491513353357 1241.7001559206765
1136.185936608137 123.70711299369482
639.0761779955195 1064.6861429494502
853.6147461089856 579.7713451449318
391.4059442998879 -642.4459641438898
1423.7584041973626 1383.5735410445177
661.3015487233455 377.2143097841905
1534.8073798101009 1314.2729558506865
1234.208969104912 1292.4502217009374
1183.822985085529 1291.89513654863
1130.9267761907881 1279.5453725210295
237.84334434046934 1281.4736024021413
56.43068311256768 949.4771228482824
1239.158676887172 1292.5047509386145
-485.93949674490403 2206.7189548202236
1438.4594131267756 1294.7003789824755
987.8177644678487 1289.735814073203
72.09852380028978 999.5659933254959
1942.3699378877968 1830.3461740023756
1505.1281647772482 1332.7943961298195
65.50773376923223 978.4957492000976
591.9235163047091 419.66809858899614
856.1544896661738 1288.2853248078068
448.4662150327566 1233.6729456799555
843.1625289611776 1288.14219682039
558.3793091971788 1056.2754169194488
724.3855724840963 384.2607894452612
1443.642298559058 1294.7574770585686
924.4081524978418 216.21418048689878
1455.5357192209724 1607.3178936854229
511.97865383449306 1470.7441764933424
1364.92560283592 1293.8902821454399
1466.5428614407592 1993.0634888110662
886.439879555866 239.4477168754123
160.7664228655017 1280.6244723210489
724.2823538069841 338.6751107817812
868.2317508319818 250.58963059689236
116.42512804186173 1141.274706274734
722.3570968291352 339.85321356566214
592.4925699198358 419.31988343856597
636.8355565270219 1067.2175732459548
-724.3396587231202 -83.15905088008904
888.7781311273848 238.01689453973728
630.5914141450282 1896.959795290337
111.00775682879897 1123.95579102493
845.7173145265888 1491.3587040869056
402.4802823405205 1283.2873512369358
1310.1852117782917 1293.2872259801404
915.2683834878103 480.26361139176663
898.1827702137541 507.83944842207745
2210.723631599995 1382.505682230046
-594.4713617110054 140.87059666798035
497.15250062199885 477.6603555664359
402.8226274614834 535.3826687184718
402.6845785440078 1307.5635884414687
817.834171838204 1287.8631629730826
959.6586467138402 991.1839687484198
1123.7455660405692 143.78562149469377
349.99133574504805 599.097483176442
-546.04903386582 173.4688878858799
812.7383165463367 284.5471594728956
702.0588022229489 1286.5877053249483
850.3821112596025 825.9549476911205
855.6870168304525 258.26600119068166
849.9964528055417 585.6111979417377
1243.730959787533 1292.5551222154593
789.7482134207206 1287.5537495755025
1211.9502118588805 1292.205004585572
284.4252231282709 1281.986779028239
175.05729312093345 -815.6255861350938
521.1786101594629 1709.4821625666698
887.514807058136 525.0573269205552
2203.5268154730798 1122.45498776106
1608.5212165495677 -248.2103588300637
940.228261813737 958.4693412065218
1877.6717938051538 -882.938133809294
-633.3579915129932 1319.5974432780215
1246.2908486790634 1292.5833236358126
135.01207417664358 863.3199228924807
594.4560213722876 998.048327287211
990.4251814395125 1571.8919969088063
1112.3061638497081 162.2485871184306
1200.9500118599556 1292.0838191446076
1486.3611741569007 1344.5060163869275
1407.8910290308388 1393.4756439541823
681.4677588087699 2518.109779672947
900.721333956606 503.7422574731144
430.4909818793932 518.4518559801313
71.9942522446347 999.2326452560483
1481.680820207845 2320.307755962103
720.7480252659082 794.2155668389795
1502.832677039282 1334.2269050086143
-657.1235815569962 1058.9876527829242
413.95783313911096 1289.368781703814
737.1091392569307 330.82614733394627
836.1206724554538 842.0673695205774
1181.0286194292814 783.7661657360228
85.98008996485957 913.7357134223174
1411.352943793317 1294.401756281117
1212.1298251082032 1416.2656441089398
1433.9316928937437 1377.2248569966466
413.1144818297804 1290.7299337966515
1765.925897769168 2157.650527993985
889.2343808855499 237.73770629815533
398.7389817305532 537.8815322257049
725.0326787915956 787.3002220128672
884.8962828782517 865.3077753735711
908.7248174531436 2151.827414697026
1166.0826492132624 2419.4055303819196
1309.0091476739658 1455.1833022669912
902.808944628218 1288.7993009807926
812.6801924165552 1287.8063833446217
213.24142674391956 1281.2025714906306
265.07023345353025 619.6760803171425
422.5160274079206 1283.5080781874713
-446.712270028128 1052.5482285810745
852.0703234792003 260.479127310767
768.2428004689139 311.7748449009465
1171.9821486047422 64.71876071392742
387.2443656689735 544.9153149038591
279.1563912896561 1966.3944861194043
878.6276763333765 854.7534230343537
-443.0301839243711 1765.294550842256
1013.1219688886072 1081.199307152277
1153.276625670068 96.1230837435915
1089.4551696497301 115.2186497005973
553.9979069545308 842.3786704011935
184.90965168911404 997.1991885176601
-283.26080980016263 611.8622420218279
1326.363766469828 1293.4654595835887
138.0444770810519 1210.3900869713389
912.938557484349 1288.9108954609737
527.682506944063 1190.537527354696
170.71150729562274 677.4160491883587
942.6843148834613 1289.2385942962298
1261.0592487022263 1485.1066405093427
1177.486197380982 1357.9367235228026
600.7056897598796 414.2941131340147
700.7248952386778 1286.5730101279419
776.889136569366 1287.4120855240508
138.04401796856138 1210.3886192243447
568.6605022555935 1056.5773116868236
424.41312942581226 1307.210171362777
814.7022466979532 642.5753384806619
1287.8188853870959 1293.0408238122948
884.3046800157406 240.7542876611853
805.8231617005173 876.2971748277411
164.9170554989832 680.9617887292236
721.8724325952721 971.1438153953583
1051.5208916660422 260.35479686889283
856.6574383884695 818.8651498659023
432.2218959793719 1259.890950717252
670.5199823673925 875.2826203362107
268.69447408387134 1281.8134787464412
892.4404964219789 -151.1936859685537
891.9507129196126 253.941881444202
696.3161380640032 232.56943658717492
531.5996389502584 1099.4972674090575
-1145.5322603457075 1060.3647380252883
85.609707098639 725.2408447713067
1039.0464762580195 280.48825305933383
1550.3905508827434 1640.5519762017068
105.7927244382801 1107.283737284438
909.3522493170935 225.42718511701258
888.1859306547419 523.9741469005967
1533.4810358642944 1295.7471996997099
847.0331952069923 590.3938362530299
1475.1354200321864 1351.511495958371
588.0343155360683 675.9397756242162
1244.3939074652671 1470.5881623050082
1287.816129082163 1865.1866463034705
1740.764090176218 702.6800223191373
360.6545967857491 1379.243883194506
1061.909236106647 132.07455068684553
186.34143150301415 667.8517897505619
1077.7461948685493 122.38360271456476
693.453155784973 1777.5538074103283
235.8773370623847 -203.96821875510045
712.9198182325164 981.2583838530101
1037.9051586624503 282.33031675997006
2134.0809963792935 687.3595892258769
1346.3708135004865 1431.8675959193383
974.9095498575698 1289.593608687868
1075.506404389318 221.64266056238813
2185.9564378717273 -387.25818613426736
2056.4566203022455 587.0270515156477
872.9981451618667 247.67297973224487
647.7060331316917 1054.936224432066
772.9463849383106 709.9684615997784
1099.4648483118533 1181.2330362839452
979.6639848111674 1024.8666357706422
485.4282516071555 484.83465518576907
986.1914797767521 1289.7178978510033
961.1882907858578 406.1498023182162
552.885826306781 443.5560324035378
56.59871193854661 943.9463080752774
1630.9946965397774 1337.7958955077686
394.9482600355225 1753.4658228507521
1148.2675481174103 104.2076344148873
340.1327111865791 573.7438671114494
1109.2182331571323 167.23244530212625
1206.442564262844 1406.69009420367
596.4690649998314 1285.4244593050626
1298.2828898719908 1461.8770690353492
1618.0840476892176 -31.825745988095996
70.36854929865787 994.0353991314263
444.16595836546185 510.08386767877533
-371.3010750518328 1611.945951500636
774.6238281051598 1287.3871293955094
429.0025543493812 1283.5795380361837
91.383788106327 1384.2842082804414
1018.012659603411 1290.0684609052819
857.1333385116744 818.5637510483409
1604.6127890577577 1180.6857590711932
754.4889913262477 934.2939743578711
2132.2837521266893 101.56037382469128
750.5179782794844 938.7803826493764
1100.5736257070905 108.41504676117614
668.7591922979188 878.1245001810578
-222.02254576877817 460.8718448609954
1494.4100953483446 168.13164630102128
136.2529333331505 862.044043559487
1105.9473431811405 172.511596098486
1055.6651284518875 1152.8285428428603
1263.7658942994387 1483.4175468210476
1234.5788895827604 1292.4542969883169
803.4152663520694 660.7922983046928
291.8298710466956 603.3013293582464
1238.0076449357405 1292.4920704132956
141.14780291463788 1220.3111787685568
960.2901360774548 1289.4325516065644
-326.6373491092826 1471.474003462153
1119.8775252374617 150.02856174519425
670.4086561968485 1029.2870424326627
1493.8379282582298 1339.8401162134815
1219.3396624226148 925.5987075998044
-164.31979793129702 150.76410046200036
-20.5812896220383 1298.2274761948559
-590.2811112349933 -88.28758275873115
1459.5938460967075 1561.122253123397
441.0158338183972 1288.45261258089
180.91109284305242 -233.1321146047988
-115.32420028304159 633.6299681698484
271.45421805709174 1257.0020211490198
1156.4619792427882 74.21585899326992
2009.824028317622 1866.3971979386697
1327.1887048298975 641.3809579863645
982.1893484061845 -56.93678719384018
120.19106287035896 1153.3141075942817
973.0081040845103 387.07286079881123
1180.7595425974505 1363.4480023844092
482.36785373939415 1284.167445286907
1219.8926557767425 1292.2925037736427
362.29592658769246 2371.8366809217396
147.66474561598937 365.1588726550184
-169.08688937990485 1398.1386728845237
535.688376466425 1092.8981270915874
639.9944595463819 1063.6486782231423
1579.942780977208 -128.47711783935367
600.3355930320313 988.5588165920744
460.50147694071217 1266.4379402945524
757.9638355660796 318.0647466162871
578.0575672682131 1285.2216261318804
742.291891264829 759.4441993580596
1510.2835019579402 1295.4916404029696
373.98223226059935 553.0306763690401
457.7449750841054 501.77459905507527
589.3120135092062 1006.3506527723819
377.9905265579516 550.5779218928034
882.4852571881868 241.86762843743446
1000.511888835613 342.6823040275882
1035.6031543405632 1290.2622493692836
920.7539602038761 925.680771804492
551.9260281978369 1163.1474549758439
689.2502492982063 803.2909465919769
136.72835720146887 861.5552020299563
837.1416065698212 1288.0758663777544
525.2298198810015 460.47928916152296
698.8025472074878 354.26670786881164
879.7238858974208 1288.5449807845914
1096.2451629148497 111.0637186653088
496.8227625792402 1225.4025382125471
923.2977920087708 216.89363200861067
1256.7760943332985 1292.6988360008925
448.40253859095463 1233.7757181794636
708.4252533985176 1286.6578423400174
-698.9891196662833 -644.924510491608
428.3636801319883 1266.118033686335
1332.640265884716 1440.4362025143507
362.94114076736093 1371.7086996279234
986.2399367426526 1035.938460609831
341.37553325639794 -72.42803472443435
975.4919071907347 184.95502167993874
760.1738794711741 927.871248214862
590.7368904161585 1119.2993557612954
897.1519516555921 1288.7369798240877
994.7538007994616 1050.2731170251745
1085.8464961285333 1203.6444277222845
1426.9789327966657 1381.563756484744
2259.9768398887195 1210.968981498509
1075.7554541333955 1186.6543020980187
1363.6296564913368 1293.8760051478173
1004.9583460428642 1067.4543462488214
-573.8115480636546 207.15554261598902
1643.2974014889937 2079.35630700913
815.7103238232626 865.1267642537703
606.2007066814513 979.0926408355248
773.7773799754209 308.388126348958
1528.8492081146899 1295.6961724376272
60.96747855573103 963.9809057155857
449.01285859770434 1232.7906739336113
1431.5754215908325 1378.6952981174782
853.9012931353436 1288.2605021122924
451.4084895684111 505.652019738106
561.0820756086746 438.540585514608
677.4370931467812 367.3406513461761
199.8302610593906 835.4209929199144
747.4308261320014 1287.0875533936562
1071.5081186984703 1179.5031315209324
471.6056399181992 1253.8925751029099
523.3822788326089 461.6098360326618
1123.178960579692 144.7001113405665
1034.2206883817764 2221.491608981079
1435.8015940514044 1376.057937232052
159.51682637085796 1279.03552087988
536.7930859229862 1284.767029454686
791.2205704070442 680.4742928939552
975.5877219171355 1018.0034972879658
-356.7276662466212 -353.9531055089523
1104.8299323570832 1235.6065349515177
911.3397025761906 909.8301371692737
912.8236388125075 1288.909629441272
1198.6676048376823 568.3593718389444
1168.3317863238576 1342.5235883924906
1061.378690131089 244.44450792640885
1175.3799570115714 43.038945215494586
789.2677278804822 683.6261415513343
380.57855209823197 1356.7340104590437
-196.57260609302796 74.46068888885634
1551.9975612118644 1295.951189926214
1201.3284415923708 1398.0795278547128
794.5999344132478 1287.607199326232
724.3005671689154 1286.8327352419558
800.596845293056 291.97676562338563
721.913051191208 340.12493386494225
196.95030624721457 1281.0230977882081
338.8423849610491 574.533443223055
1146.1444873936305 1305.1671888978378
2080.45225049135 1788.1369948090196
667.2714285879057 1286.2044647280168
858.9668747516072 256.2589913254515
1090.2275162818332 1211.0206811164203
1427.0650633262712 1924.1003343169516
571.8119938554199 1140.6805025483045
251.94320309409915 608.5072525623865
1059.672606609236 247.198092500991
236.87712539432306 636.9280001766501
1301.6815971967947 1293.193544566807
1544.9446641375728 170.60163852732066
1012.4520769907195 1080.0714209037333
120.62599071732815 1154.704538160176
512.70787434837 1129.988196445109
847.1987498018058 829.5514755974586
-600.2120931091459 1553.0201476774728
1065.1166931107016 238.4114461140397
70.82914221565511 995.5078789339734
368.08790387491155 1370.845811930221
-1092.2557162101716 -344.92204742957387
1092.0199753985853 1214.0386157939938
593.0645787645955 1000.2940877390769
755.2948117454656 319.69797502656564
1134.5720599345034 126.31187756522576
1000.6466728259281 342.46476537143326
916.8263056396632 919.0678427841939
1158.261339496712 1325.5681385223854
714.009183775878 980.0276302521875
641.2205176782202 922.571368500188
880.0170507634984 857.0926904874362
1019.5738044280395 157.98043779241726
1379.1830924832354 1294.0473520323624
2179.764089349804 1353.7584741857731
495.5113747784235 1157.74300173224
1201.4072764334342 1398.212260812705
1011.325032363739 325.2301073206821
1027.2056678358172 299.5990802869167
807.7175437965593 287.619469518672
1341.1336978116324 1293.6281748653876
-173.45737312695587 923.199307413076
961.6506337252855 994.5378453433904