1208.784365941875 2730.4203235108803
1678.8484662711912 2825.061795971168
523.1172370323123 1486.0713700900028
399.5604414868106 1239.1836891538137
633.7828883589265 1283.056105898883
834.6691191855867 1268.0663990432356
401.17730586368435 1401.9699127167164
1599.5337379547027 980.495952632468
861.5093078652455 -745.2290804623375
1530.4919015445385 1239.8833976795338
2303.0538085648614 1662.3612893458262
461.4974902675895 1409.7568041558466
1743.3130288764894 942.1891810900659
564.1838263874522 896.8394496902338
329.43129713717826 857.5864758450487
914.1532586867614 903.7472219913521
477.54351050420183 1520.7218923389746
1160.1052940878956 1357.1326654179506
1589.4822296286438 524.0283749526756
1159.9287489625344 1266.284185640475
255.4174686009207 -21.885416789648136
1716.1485668501575 988.4190907078989
1409.6404281889118 1230.2458466284959
573.3378361054054 1304.7953779208635
850.8045499495976 -246.52718258330694
1731.1139783419383 950.8652690861693
1191.508906468341 1275.335071739972
903.7476102798818 1277.8587177125796
1893.798323654323 963.5679183627931
1722.6087248853403 964.7963825322217
809.8141906309357 1206.1632059958492
-587.8348167657066 -8.615164357668206
1401.3325097816314 978.1047446171428
329.43129713717826 857.5864758450487