527.4659592188843 1081.3688838083156
315.9645124699046 602.4134751291629
113.69744605289785 182.1307821562957
274.18620597856625 709.3235931589611
884.2793712320074 327.18870790656774
871.3413688246801 1141.2230133910382
514.8649360445636 1129.131969897066
247.70318930319027 858.9519879853466
1041.2711711205384 988.4715070999409
964.2532240890176 1184.4765393275202
523.4149844095363 1226.9187406418002
603.0249256132911 202.15662062572116
31.817114039813923 650.1701828134604
1264.287719691857 1200.0374097786232
982.5911185376947 1164.4091032188915
347.11952580121437 415.08754341902073
353.58174269409716 488.2658562970586
1136.0089791872356 359.00538163837916
432.666648220415 968.1489910768428
1106.6133007631158 706.0116548158687
1284.4426291376299 212.7989297926849
1239.628883566537 401.97145806716225
696.0845092363576 515.1929464600001
337.8133166847099 879.2326590691888
1242.9955792707437 475.46826685189257
854.3545872381845 839.3051545076358
45.729045274488286 581.2735816633684
438.7787482095294 577.3646982566248
315.46590669937507 895.3202552356315
673.7821399953824 818.9783677102707
1064.7178678271275 30.385191170414867
14.601570214283125 431.2778866851674
432.5350021924541 525.8512305105487
292.6290822290212 1121.1714070319981
514.6233843101566 555.4988092649781
1006.4994163776278 748.9238361779238
980.8203522914698 694.7321956098474
320.5646485523483 382.152315841365
791.7230066551973 125.83659073655653
1147.3593485390634 1247.9425269402525
545.3479801186661 441.3199827336432
302.2531837296251 1017.9405870963784
1138.2069995276613 861.4650455489389
511.0115846288844 163.1698210663951
71.21881306919714 443.77522701372993
726.4258987659633 951.1905353864734
425.0594771622216 354.7120541758861
156.96356794314727 267.3586697509904
453.65727090599455 671.2508000892643
1227.7974551323532 1187.894796130972
51.32279274991815 829.1747354204479
228.45143034223113 671.0856193201528
224.20438430320962 990.9022757738178
295.1163630711162 221.12362013818404
82.32218957748465 725.1258441716517
550.1023880539499 856.127937792389
596.6949206810352 959.7843374410162
488.097186000988 344.73829930281113
181.7205303121611 760.5910763132666
436.3393124665814 689.5583413226235
614.4100663506266 963.4739431233479
730.6579797366721 644.6677180137863
1182.5717365681082 1043.5106706950112
458.39267818310964 1248.8664736118533
567.7814846033566 235.3649560981266
101.294467282854 1258.4081312049886
1239.0534669616068 377.6321618886003
405.7485040305109 75.04303005617511
893.384265866735 42.16223165220678
834.2025938253116 304.6654732718147
1296.118562802005 366.5865152784174
649.3091413132314 305.1965956842724
1048.7668312848366 512.8774508920758
1157.8865156133156 1213.1701359792132
69.1777257931325 60.98957590297349
608.7922071213262 76.78066692153823
410.58704273865595 841.6831926146167
929.5302170793634 848.9248383451161
392.9687535306901 1288.1250823642185
221.31846787466176 904.662476344478
368.537820743889 118.17712358093168
757.3201788248474 82.92345145667414
516.1502187511489 745.481026902246
220.79642918837047 126.84805053156232
114.22323604165788 1030.8062846525802
645.1581756446068 249.33143451472216
460.7991694937835 717.7040935390182
114.59885155643634 757.9546792384451
294.54333341467554 382.17378901366027
1279.0227333033129 933.159373590415
102.10721485854044 915.1322526853021
476.75135896634305 219.21105637256701
832.3110285886661 23.231768653339557
1050.875454995081 647.382030196483
629.8680741386474 971.5064963096529
267.8021235538972 874.9092634246787
766.9538382965108 236.27826051185346
912.7150645586586 1302.5067142205446
356.2881729553552 1290.3156358759088
752.3238910954866 864.6917178341962
229.61009179233156 328.2680975568256
538.6119740069576 1052.3704548972319
212.51814750355808 258.90738902882106
511.42526366416655 921.98876523606
653.5363470560212 151.20467672749407
885.1734457532464 289.0061312131452
596.881427134128 741.7127618655611
508.9026250307213 381.98082701686855
911.6996655222624 241.69034975581525
377.2073550151572 165.4008162845078
290.5931534457765 1272.6865105723207
117.92727630362612 534.46409177823
860.9686007141681 1184.664123103966
125.86829936259846 20.200187996659803
365.5028408912191 395.29996766589625
500.78570477198036 418.0614510921081
879.8235728720884 1187.2620124613936
781.26790434028 1210.0365869363802
561.4106819040544 314.0327230826751
77.60688806774513 704.6520111389522
770.7340872542944 87.55283239689336
999.337301588861 333.1143547045961
947.9218309485566 1124.8053919816607
832.9126648995796 444.05520189235705
88.27043812936508 775.4489600706579
927.171656994092 923.2237599271302
229.6340225221165 713.8161700030108
960.1081360658569 31.894797227740053
721.1200884904806 1283.9141696097386
528.2679291289884 565.240136681556
780.8179270041203 852.1138974639124
137.90948818589655 321.377403799576
446.3509121511998 591.0714264905065
574.9994707740418 50.26267448505596
1070.2176489912056 397.65914349876897
503.5484663271612 822.8564749598239
954.1035974336554 178.68441464820842
522.6848392341803 230.91820652635246
877.5783240710581 383.47454212288994
187.26339606811052 134.66951663003098
153.12241682132614 945.1779371917553
67.39774552058823 479.24304100101136
163.1133835090003 420.95222238360464
440.08609686246115 531.5619982783795
779.3611419691907 613.6765501460917
398.4502256416875 1258.0199797867592
956.8163358880663 785.4380529707789
1293.9419605875935 144.63253633902096
261.71399597059 355.3614253821882
891.1512136029557 776.5612530948182
559.4210018501657 36.035383678964045
983.7011223032507 54.15670344476486
921.8991929775243 1006.3130676553388
122.20758070496424 1006.7300508613394
447.6951470941783 215.10939795169267
821.7390009109264 609.6542867750887
660.0207772335989 541.2586000657371
175.03049710665732 381.4233443359891
1150.7654363278464 459.46566678117495
813.1048960021732 1052.9327082645282
170.46494471171886 466.54271077606825
1175.9893402396144 608.3629034188859
437.04551439639704 602.1780309506402
618.3096395175633 993.5700184270396
539.4636420826223 996.7325745048264
373.8918467441393 1233.0515285792649
284.92599904979085 747.9915101991952
1119.600436086939 446.26312335994396
328.62213314566947 330.1199861360174
125.61420754739854 487.50093276312424
804.0445830427054 414.7923416653854
124.24806715277889 970.6982219267205
98.6550822101547 441.0979125825855
662.5492563930297 253.72318429568628
870.2651151756749 547.9994369146067
990.3866821335052 251.57285687973123
1009.3789010910776 238.81828104125242
930.9567467060767 525.6062200438054
615.4336202921847 207.43713033427113
316.3550269878876 68.81858561228344
950.6743837596456 112.64765617256626
816.1061314495431 495.6611492984362
603.2771182491418 1023.9110551103688
663.9874570087347 821.6184785343369
175.5010380372259 610.5580290508254
517.388438846548 1047.008131577598
61.0440325299006 324.71830783133424
1163.8642107998846 85.2636280003485
753.9951439752656 1198.7176898349833
721.5464393468236 695.7783848932652
848.4521474550768 840.0599028300546
413.17009430545465 1080.751273706705
925.6154125510487 261.72232790993365
39.45932552936625 1078.7954002682286
671.353078053995 543.7076752238996
30.903061098800624 904.4048076044871
687.2092141438088 374.0369714897858
54.68653493432035 1141.6820986312362
876.7878930670997 1080.1940026030875
718.677378940527 522.8095840869939
1231.6509978612785 151.1350106796663
384.1745328699739 895.5185391594243
354.53642719720415 468.05058206853755
1015.4918222459955 243.09525177656593
472.82221435320497 461.72890127416395
453.94956796877557 276.60985976195576
891.7265564444053 251.53314422740573
1297.2877039971593 785.6732116937461
55.436707368416535 227.4084486288725
109.42547541995201 381.4124831023974
717.3523087049724 961.0603127459622
1299.1148942520126 420.88431854775666
498.51974313121207 121.78334230182338
993.1581506392116 10.543841821459122
412.64999256421726 700.8276642980859
323.2661245529643 1062.0041250404652
549.0777856039076 251.55857678163255
1157.2230922869148 566.9972163780657
1240.6864691380367 252.72655826920962
1065.9445661784887 136.0423967903409
951.1468476875727 84.74988446439566
1278.8749613913835 145.17472202659582
489.3828581319915 617.0918682661566
624.1086770916362 865.2125122388882
645.1654011153367 287.9969117136898
147.22679414467837 118.26747295921271
805.1958824674934 461.8931861178086
904.9822800003886 116.27301240948749
430.7535703668623 312.78381377419004
237.27694883503827 1210.9005973857968
1043.437016973786 160.20864570581872
449.42208591111745 747.4647857712597
331.32504939002035 986.6218016287885
859.6662868917887 1003.1093232338253
686.0764403262431 195.49052136575457
1098.309249477692 1119.8605642483983
391.1212151422803 991.1538963365653
169.2125431508975 986.1640517717193
1063.2221200528318 123.94840140976558
1286.4427553916341 993.3321223865491
269.4091742570447 1036.179124503054
733.570340247028 48.461124857362044
178.36467454495673 1049.6126313527611
461.43831806154725 491.98903656543814
461.8211040490788 238.63131420981503
1179.177938603707 873.6365218731389
65.57455639431006 766.6557660956117
353.9140219254168 575.4103457008835
721.8498866577663 987.4845832856893
625.5716348793551 785.1143054041861
976.2532413417769 1045.6488674809937
419.0338608018348 1215.654385852409
209.28596359987512 162.88418718825073
565.1950778196714 111.29613017619826
1189.6698072961153 97.8708095480234
853.2887840899716 844.9547929116201
374.21007988711716 871.4914840894817
224.01521914121517 416.8939522517653
567.849136154011 231.94362063197724
426.4005800751168 763.7154265349676
1004.1641482397043 1070.739121119544
907.1844668504476 45.726662146807165
775.272600722806 1064.1400923683725
134.40010945916026 67.85962475617654
928.4327416522352 1154.8844174988794
130.5731988743547 494.98704811010975
1209.0377276248544 937.9735753934134
94.75259615358789 480.0066193519772
1196.530076256811 362.4085799800236
1221.4215640368736 11.876436799901414
1223.665624156178 553.2013556440793
1038.1286427061152 885.495644201741
508.8837550428051 822.5667478774402
56.17534731140649 455.5590990548902
1226.788957566891 629.8147047800186
68.62153028947104 1165.703138354448
275.0273356712798 662.2135937483877
1238.850437730166 181.18226915113522
462.51521585492776 228.34435602271043
719.4445850058905 252.7789759412093
1189.4554256021586 323.55379942692423
316.8998203827959 1289.75262529464
678.0045398317999 84.73074904605728
1040.1021879444445 482.82299276530415
229.16621837008 832.6775248224193
127.70167845531647 268.7049683333268
149.2510191965143 321.9577687752998
14.870096840991284 565.5395811613122
146.25988137883857 917.862080107094
526.2231222271301 628.5417722407036
1117.5831873350653 217.95147980131694
1038.4781090754757 1165.024597599237
259.3484691324528 388.658531016398
123.64316412057367 1290.3714123649333
634.0247646620145 1194.33269877629
303.43128535927826 296.63343243098257
231.62413564892896 659.6193424373696
297.9288185366562 756.6887938141414
915.6785409217838 253.91604745129982
331.69611505850355 173.50251938967554
532.4863291680291 810.5751029130953
427.1614328885435 887.2581046548995
1281.7569053363586 414.2470218514285
719.0419290660235 928.2885033898227
67.24802123044542 341.9302134096065
193.1149885797683 595.5990755245763
261.08917649320256 1134.4547741289057
10.702782155272343 848.5275867851182
1122.0672080732122 953.807792672852
482.18553967491 763.3788720698815
1286.0602506833602 1133.0600927942808
937.947802547359 644.1398959965456
1152.821259000737 261.54363621800593
500.9942778228078 1044.7953504675108
365.7039388174716 510.73015550858827
1209.3335012809746 820.3107600405635
970.9990458197622 585.8975106365677
311.3893619829739 1187.7830544710098
181.86463609184173 726.0177064319453
1231.9487269755464 203.39296632298607
255.43257693029116 604.9877548591011
534.9913623064057 1146.9755464807995
6.452571902877347 555.5727389045442
802.0616566388799 73.7864688324278
261.7630036719655 1019.9564085662679
682.9620792848997 910.4761586819892
1136.6175741467694 231.96219812574205
368.71887954570076 805.7854505992697
414.1575906496589 1076.366974759674
341.11362765094543 593.2310840941789
1119.4805747708901 652.8187303514056
922.3171015849838 1165.862930674497
784.1917553666772 853.7775103702288
734.9277588327429 25.51207184043096
212.09741401060927 304.14411215354636
161.72540754128687 473.00224258933133
890.8166809204699 328.5784908141231
601.397795985889 529.7313663556728
687.133400103674 890.2478439032192
441.9096174711194 518.7340881210124
269.34279514292973 967.5875806956487
1069.1960913231542 95.36275675394928
1003.190030976091 526.2396859504145
533.3551525517926 643.7050746730758
780.8179270041203 852.1138974639124