3288.896504470661 174.44096995277096
668.8878583520498 92.70176162792275
-8.123907218660722 623.927221504333
1787.248263104807 372.6303510267949
-47.02955801126693 1634.6684825062625
505.90602345746987 786.0037123774542
663.3644889966545 -1400.9061982392836
1132.6766188716206 1354.732721831152
803.4773545363493 737.9523463614817
1877.6798875188751 1017.2816559047368
1481.3212670662328 208.3519364237839
4251.29325020819 656.9458513581782
1806.57191818071 1503.617391112286
1464.9103192174975 24.982674484022496
1159.8589875095477 1020.0103065886318
1087.5878037505179 2431.560814028003
1084.2155765564153 2845.6694584945712
-413.1194582448513 2770.110364701222
-469.88799094964355 2111.3018455803926
2451.5717304171644 1669.9861650628732
-180.83016471588022 2053.7233532479563
-440.1693391514404 1244.3566028518146
372.0743919768496 257.0040322461143
440.39787855047325 -103.26900301922893
352.4093105350545 1009.144505895438
1281.3495673446812 1658.033919054483
1197.265016333667 2128.2246213993003
291.07735882201496 533.9451725771225
179.25968902816868 2595.287696352049
652.3993979026307 1086.6530854159607
1467.3262988563908 335.2764368282436
-559.005348719398 -517.2044546126805
1182.4274538389539 -309.4692639817396
93.35309239775901 1159.397262576037
1184.5424747974926 -23.30240205874194
1353.396819459866 76.824919114822
2957.0891353949155 1328.460691520709
543.9485056049091 235.76582376891594
1264.2672967649924 605.6383122368995
1113.1560320490996 479.54396296478967
86.8457680626005 2972.911714274699
2301.776982577462 1125.0628179875687
2400.9137777542905 2904.393058181823
1429.0369548455362 784.3772237298863
1062.0803857414369 3573.011424067523
1391.2496068483426 1903.4872273943954
2708.0817683689365 -67.7280216973793
-278.6153453558267 228.45768061176827
1973.3068532212699 442.66270856845466
273.88507615984105 2951.3699089675733
-1142.7189792162937 -1004.2601512465736
2574.5834077019977 1866.23192761325
-866.5056566248913 580.4556663337852
2831.7877434268917 1311.8346956609762
1155.100422972458 -550.6014050459017
919.9905563309653 3544.917980237859
414.1472647059801 1144.2006901252867
-422.6079116354423 -145.53871666586912
2973.923176733275 821.5278405154448
-320.4169838291485 206.7082537151611
-105.74748776643143 3083.219843392211
855.9391602760156 -566.4262295463509
1661.28802757674 -892.7292012918864
394.87275959043194 1401.512359824431
1340.2524824783395 654.6833910156487
1417.1753623481652 349.5642638616243
-368.61354865604284 553.1489377561379
1998.3459840409635 908.2430859500789
-32.39738770320263 121.05332802766083
-572.8782591228673 466.5267553088952
1062.8668701878921 -66.60921020987794
430.458724780922 3045.057174318361
1073.4346876109737 409.1706941331379
1606.6644546877153 1083.0087521887278
2378.3966993198464 1890.800093731866
1679.215863611264 970.4725395274648
-636.064158744617 -690.1161084530688
-41.02458862179117 -951.9975272739814
791.1051377923344 591.693317610269
1994.858270543018 742.8394059985396
1931.9496114583253 247.65115342923937
474.4644201237356 -845.5032100321044
768.4208136872682 1882.7039334788506
2151.837340818444 1708.752703280136
-100.06653154414045 -30.62007235353146
1330.3422483238835 1654.262663597732
3121.1773317197185 2020.3630544754944
2651.9668900131487 2969.273979004905
-211.92468420977238 98.44697651354907
187.54317723667958 2575.203653968879
1427.0148531311709 649.2092854265541
-998.5988439273681 862.5207571973656
-128.4260258463653 1105.2761153892015
487.10422788349604 1002.9053171986387
1721.4434527141311 2718.2230671727216
1726.0189048551294 -851.9301528086776
959.4351963609698 -594.8174596604092
2317.713664139144 2423.9870588787085
42.8803499612284 -49.95088768639414
1501.1342682315906 432.36442015742824
1348.7382505819828 1284.0771889246812
251.91831629177435 2204.2256735060582
1408.499948436788 960.7170931721308
689.2431369776914 2742.53131353918
2176.5262051738464 1003.9196623959131
642.6968350501819 1256.1012482888855
707.6963912202127 -716.2781748731244
-458.2029238966404 460.5804347192386
1377.0932387139555 -837.6331885405299
429.5776039385525 355.90784872534266
1212.87411879433 -393.0988711406701
0.3122869786277488 1363.9503844069093
352.29214039414626 367.2655407332826
396.8063263152571 25.6919132906807
2497.3905954886145 152.5865648985531
713.5118038415318 2017.6240197008747
-491.5946561332703 1855.3698887897535
1675.795194739846 306.44274971546696
753.2233799346282 2150.0522184174274
712.6331778037246 2763.197861001247
2208.0819753083306 1820.508499677186
774.0894823240582 1465.4252801441016
1301.4627344514001 177.99148834701953
2230.029284694508 2358.8261008049526
520.6101081071188 1361.188486959852
-883.2557303955698 413.47364596184957
1806.5170678938796 2599.5961439159128
1801.481358157303 965.1408620488326
925.8453872973928 1982.1514070532003
1032.4286380188962 -961.9577225686688
2051.743287294075 3763.0172938258033
1227.4094997351444 389.1193603448207
3034.4618733443094 1170.0193477977436
1387.9802693756922 1966.1255460514415
1183.6988606589869 633.0710519954
-1612.8123491075623 496.2443946338206
2227.1138577881325 2555.9652759693918
416.91804479584886 2123.592920838783
2367.1969422973034 140.58763751632765
1964.7847609100047 1343.0574030415278
-917.3690239961542 518.3049029566233
-1162.0258523805899 2377.068983686952
-1132.6411945628402 942.8257558396491
675.6776106570563 1635.1011401467108
398.54837872332604 2849.7512851142947
-41.08688220165309 2343.4158492766674
2505.055582480691 2874.146040108184
-316.6419641057023 -549.8855952388211
399.0445674865265 1208.1970628694037
1920.7405578461817 1752.9433717024522
2316.1674821731613 1828.0194071756507
1310.057002496483 3008.721318602005
-129.64576173431803 1222.7230998676364
1863.8433339410253 2984.1168598213712
1267.0505821165189 -1292.6296758910833
1279.8568207868411 2253.157243824406
2354.1489358917443 455.03013952132403
636.7324742595362 1182.2725225223057
-412.7930689892681 457.27290139425025
563.1090836564325 1665.0321016216446
3017.5063954072566 2584.2150406176056
2222.6284443238237 2450.744814967059
-900.3535258829862 134.9964828120013
643.4889397747148 1326.7941996265786
3308.954650184792 326.65242041600226
2341.751992239991 834.799136720586
756.9350321500867 1731.8199187377097
2867.5952102059146 996.8088833044977
1373.167997539931 -630.5765580058169
2656.888070263171 812.2046610110978
1999.5373905492095 1293.184008570229
1613.3727964408854 -142.43175628590186
2286.64809035439 2198.1119299345864
1555.7838238899844 2345.403112486026
1123.726707385644 1046.7297754449182
2188.637309369701 -136.79406753016107
983.525626357898 844.4263376029817
1555.270564561174 590.5662692223692
2040.4996060286455 560.2237020583049
1106.2933583860563 356.90300019411654
1456.2470584897753 1711.1050348652932
1612.3830450592013 1499.3728163112612
942.2149706126839 1609.5287338669439
1208.4617278554874 1947.7971046587916
-372.92745123357406 -848.3098778979277
337.8080835119209 1205.3941383186918
1003.5552993565155 718.811744438496
1615.1659625554767 2715.1221183771854
1219.8111656514152 -256.1026317218484
1637.8363913970597 1090.3049134301418
636.1954356600877 871.7283424114954
-783.2669283963453 294.9244401952994
171.02855895159837 846.8182085314371
2967.452675413621 240.59196675469744
-117.99459486016802 406.67142468979273
822.0192738733243 1312.2155277331065
417.6421406916863 798.2852639279077
1969.3959978708515 -828.1613708424
865.2278557177617 3009.508391095664
1329.2441224851739 -472.84108320815113
1534.5798602280593 322.7127113820056
2027.5446491997166 745.2718957925301
142.1795056188689 388.3235933014103
1593.5911544034884 623.692968988383
2563.2519378911084 2749.2680227245946
1242.0557229913657 -434.7245791241136
314.17243500130456 449.250918386785
-578.3136582654445 561.7923089213649
2057.254690690641 1533.2838771408608
2278.535958799802 -1075.8597798182554
-382.79208131449366 2321.053175295569
884.5790416692573 -1144.5507453270436
1600.4015634663212 2698.6607926845745
636.0721906752659 2157.928986312842
-658.6550144221226 1943.583500155682
887.5110623726046 1928.1662394513726
416.2628242282685 115.60463608338887
-669.8305785510416 20.57481312330229
418.30316777381046 1772.5637551729283
2643.8621636833536 2132.873935182472
1864.3641141247238 2161.897596546792
229.47448723111566 369.57260831500287
429.19453600391125 1527.53095602467
-366.413796137857 -485.3933253798364
2035.7615517744625 423.9896283050176
965.8906979572558 1686.8341178039507
-110.24670726970717 1651.3622191267877
426.54420331606275 2845.6762015703716
1434.8112347646345 2815.0255520692144
1000.7441920720768 2118.6739011391815
1751.7051760794525 558.3651123114505
353.79355074280943 1376.9360570528409
1567.1632951991971 -692.6194167444147
408.3206680822083 1743.4707652156155
-631.2353000896367 3076.816095571259
2081.656525922379 -522.4274857232379
2610.7479689886604 -313.38178999264005
1392.7593399882971 1607.6611488659626
670.8240856935134 885.3448164153085
565.8714429242485 863.4900708073395
831.3142481145875 2223.5067407655283
43.687295831866166 2304.708976495807
1191.3352753736824 2657.581041480117
3276.183359996712 782.7542392579473
-86.60123685516662 -572.8804199952344
2019.9165792851988 1442.5035243116831
520.4561273269653 831.4814284466161
2966.5414532700042 428.1619541084414
1119.2097279190953 1492.3228145407395
-810.5871069056068 186.58200158444646
1681.6118279738832 2004.056249192092
1116.4451338862907 1485.0019057501377
1781.070333034472 -450.63645818693374
1910.0205226871137 682.6570127174372
2811.9651682301496 1364.3601121947213
1438.7178299918953 1305.7072783840022
2421.4262146599917 1843.8586869485425
1906.041008651961 2752.1124344814953
-209.6771848734665 480.6686408035546
973.7854005272882 770.6265179442694
1490.5896680781743 1400.4750923315246
2195.016144731818 1420.1945042385235
204.19295684736952 595.4316466376813
2800.4897187582574 2589.7799552522933
1030.1405237681963 1972.7104778137145
2580.279941080416 1982.6830437300932
1429.64231771154 1499.9131311791261
1349.8631290538658 1574.012796277435
1890.0853392192626 1193.4880311194377
675.4934556596202 1764.374688614428
43.38973488312457 850.8986860818047
841.2503046421735 260.7994668919834
268.0147110510514 -277.34279918541154
317.648253703242 1642.8188747649185
1895.407140735098 1203.94747382749
2008.8965042639236 1806.270969822723
248.65551578303507 1129.6406091011809
2481.144970401626 643.3909410059457
1870.7434144010583 2266.0963182084542
1326.3461597845787 1590.058803978546
-237.43705796073084 835.3405590082252
11.108365978110974 2560.99284915041
1237.7326200285365 1824.871216930062
924.5715212024868 1065.2657207248753
1182.0886299745287 677.4648970341204
2688.141247393045 2728.67649251879
216.5599243083625 -261.71788315047814
2179.0639206227675 1728.3699435449098
1813.6881793261414 268.3897791334407
933.4209018656438 2582.301988362534
291.8089027667407 1841.0237195596092
303.0722342524178 -940.2058010065942
-182.00056623885644 1716.2228592403862
2931.7372173433328 2285.680534773923
2078.016682883516 -97.95964040007324
-36.91700755505133 2864.8255431851617
682.9443271899395 959.6405381216583
1885.0676489743637 -1177.9266578244744
2146.0284440058417 1317.2156997722798
504.2496345444887 2070.0935452582703
751.8645216632789 3342.8083500635958
1045.9421850807144 408.6591699072251
1743.3616158103853 1129.582972473619
1022.2091032069613 1843.1730453580521
-567.3721235371341 767.7423361943306
-284.78576302079193 247.02810680410388
2405.5434443847284 1334.845274865487
2344.0223566561162 -185.30557669125997
-793.5288695143562 -769.4627368436807
2603.560830225504 2079.4406005999904
1003.29915417212 146.9641512272012
183.06490886394803 2055.0368318379965
2352.54066081204 3114.4170939562564
559.6388843092896 563.1107634409744
2518.6939664542783 1028.5013576461465
1379.8563962467201 148.68420205001524
2953.0597869020185 192.41162441630496
1583.899615359262 1207.6137202669313
657.5494595870603 3137.9890557080507
654.7800508089294 1827.6644383751238
67.06562381903584 -1599.2890790847816
2485.633756862866 1897.0594713815199
2961.877348295775 1457.8745678022105
2523.362022438689 2215.5356719961046
2438.374223207535 1851.9531790498024
411.29867851984983 1114.5073931368709
1555.3097713363873 253.61786832923187
1268.6899479535614 2474.8196477925426
1555.4443573716137 1906.4092536689861
345.35972831344776 -515.4932471974046
2683.740805814443 -1217.2253908531895
1326.2574150775047 1541.9728226667494
934.5105792533509 1897.8739292849455
1012.6772254183537 770.2991719541047
615.6601022524928 1363.713950331942
591.5657611837084 1945.4566170597473
264.63580985775354 379.6790739420797
801.4686431542967 971.718166428143
1608.2424890007928 483.9194271588414
1156.5773996063187 2414.970177503001
2516.389374712027 2037.9611498872746
-470.98313346205725 1222.662422506729
1406.39265539395 232.31554475078048
1605.6779224654335 818.9930963221751
1381.5256785525837 134.44545697424564
928.7824648168 666.6088238225087
-579.7560353730302 2438.3029638257735
235.18061766549158 -805.8159640605227
-442.005517420328 1995.1010903372637
336.9674007186502 187.3698420656139
-504.31212818748355 2186.795237336697
-1029.8483898980753 2486.9410446374827
1471.072905102857 1425.1459016893664
1407.2030387656594 -649.6023401307141
520.4561273269653 831.4814284466161