82.42630415529466 1174.7084194638564
-743.6595462968597 987.7792080377678
304.6806773472793 1039.6533860440472
201.90920724815726 1010.9457835449574
620.7056604656839 -436.2363632562833
11.463845690987197 1233.5727605641566
-4.636875619980197 1313.4358306297818
52.73843732861184 1267.2857229214485
151.05941833065714 1124.1740748705765
931.0759055209053 728.4367508423011
1032.1680954225935 584.9921945641273
69.98356530004109 2396.9531585955456
234.98637193775815 1173.9313578352928
-6.8684094876439135 1248.9699248325405
32.46941665736166 1100.137894205437
-54.3546266847875 1191.078010266948
268.80674729653606 949.1130117830819
591.0233251968773 -875.5370301524548
948.5773312058755 675.4359776638424
282.02544162622945 1105.1313306662835
65.9921651516112 1358.85935158636
1099.3306716814893 525.082431059246
97.16168461568354 1115.4430747713525
263.41125872593324 -784.8861513226022
2256.1446377393304 1011.708632995539
-766.0801107688466 -762.5194763760229
1441.1316088911062 1698.7728494807113
144.74599630016885 1037.2812294298535
480.0983531306688 43.94883621982861
180.7732844409385 945.1517512377615
844.9702783626249 585.2416421796165
970.0970567263255 689.0420384906154
524.1952325807641 1556.9304995513346
-309.51085788588125 1932.4644938687668
-430.9163011818053 2659.7755931667934
1099.3306716814893 525.082431059246