520.8404801342976 792.7212293726336
313.08737845701495 701.9762474372835
676.1540721146665 956.7430807785604
759.1127122498838 1033.0313759411524
715.9596795075947 920.9756089465315
593.923653574527 688.9658703493202
719.4167390008033 1084.784548735601
284.99780838652663 747.2136804773052
656.644196411578 958.755809094029
642.4386611615547 774.946059853951
621.0337943620266 1053.851327198609
579.3415540780218 1040.2332242143386
510.2717379638104 893.0485494082413
220.44398989003278 784.3665389993297
780.1966253992117 882.1461748269985
581.4358624252152 1019.7399280687162
679.2391074079694 959.3171815751506
333.7426441085472 625.0090541619113
621.0353531196013 999.1169679653061
273.1976409844063 508.00875015427226
503.94064368464916 800.8230282117513
601.6372159407838 1045.4463058476856
161.5044202725932 645.8273594492032
604.0307692066875 784.3233342332832
221.70596480869017 671.0478063928261
608.9076699922773 886.4065724448857
259.7630101614733 588.005159140818
724.9966662400894 1012.5412701202853
625.179816521677 911.6674353915615
125.57142968562003 589.74631788691
309.5658922507542 615.0299630201091
567.9853339651655 719.6594528846924
579.2303041657283 934.9650852721667
630.9945781656514 981.8366853033375
147.90976276325046 752.66291401285
465.76848521218614 840.039823583937
562.1165356788064 1009.7969109503978
644.9060121344787 927.0218813714775
130.23382461517932 553.9169584950675
270.55096305349105 637.1848686341289
520.0868286438555 966.4773204475204
491.81871204771784 744.019349711744
743.2609455357433 1072.895256646468
790.5881051221367 1060.77722499664
557.0203272674927 727.2445401506344
551.7035305696135 767.9874469113392
787.6840350856871 971.2538914617022
577.6787681827385 739.5655879075745
155.06180345260034 694.3453825235645
525.1573824123309 872.9355496725675
451.16552777365587 841.713159959953
580.9334839235273 755.6890757805224
593.3645543825324 721.6494326021718
611.8380462649734 757.4725682568107
166.10630360599507 671.1085250863206
483.404621960302 823.8055270660233
193.79466657612736 700.4689994431328
723.551716519276 967.1056976228723
536.8932027240227 887.7671641521697
552.5012187492221 869.1981249924675
261.8222633830334 735.6099436305138
488.9153721529597 735.5961871106689
267.28524116442065 603.7705899270873
627.9432846596563 1084.735230285934
786.4888669714877 1027.4979009173016
760.3033316875138 956.86830560001
575.6873285828211 1046.8907849501475
509.09538495588106 841.4581684400407
460.15706909527154 802.5809848291888
169.65692899941715 671.9927919638659
639.4380124150046 1046.1828179463407
522.0263849946482 746.2948999117692
581.1632313007509 797.3993064249727
637.1770393737831 1120.7370686572044
509.54474333530965 851.5312242262903
261.777372728643 650.0879013410295
619.8769562975239 1012.0403001179085
662.9546921077439 918.7749743376993
758.5280316178332 952.0860865050882
639.8546347511191 980.1136285498098
529.9101281165844 875.4608515723794
545.8365526935204 732.8823555479452
300.5098374102518 704.0753766798578
302.80919087680326 703.128879488106
544.1450935626841 711.2761222367888
534.7811993786627 799.0818630461076
243.07759797001762 544.4884819940931
217.29328650934502 699.9856436302358
789.1542984611516 995.1250667692641
706.9257967124864 927.2370287272204
362.94637696190273 629.5713708762615
197.39397515915917 695.3544351871922
177.119272120789 623.1473156710808
678.5864850996269 1012.4147156243877
605.3374576419532 926.3168748996293
537.5696371109863 835.6881190254988
457.59374200910696 890.7247828505433
687.5019144331778 1052.7162370749109
505.88552321117413 943.3873832771571
310.08257267340946 632.3721915100618
170.24951816751573 685.9762892334309
463.7812478424881 819.9032127938405
611.4077832410995 866.3680472923729
653.5586075079991 968.1505281376175
252.9759907223718 638.2250791128532
254.9545576417025 680.1833200322995
536.9802525399969 805.1867799746501
355.24766930278656 659.8185751847387
520.5315824673113 793.0613489034176
480.67949816468905 704.9220223213456
188.0862233756593 606.9924448212419
792.6238103309428 1009.2459932161337
667.9906000629089 929.211999941988
720.4632648055954 947.6066252488117
605.0274688835557 788.2525012175835
496.105960052342 734.8159687640774
222.93788497333418 766.7922266581751
317.38673208177164 643.2220605889617
600.7554052097288 861.7483079375244
695.5672583314824 1063.1221905456114
713.8931069184913 785.6541944873704
189.09724525987372 700.2437753857272
590.6952127310275 742.0561842209025
607.5519281766935 1016.7309024191854
696.5988144935225 802.9122833463587
753.1688079967226 982.2730264243772
232.35726669696118 690.2871121036619
666.0607707650428 1003.55823883595
638.1048598388322 1105.6129772504544
518.3235516752411 824.6882736548545
317.5888757682321 604.9074050298997
636.2824801398356 935.9631379741983
737.1508310587044 915.5290351422742
672.0584953869492 938.4902753107547
628.9848123148978 917.8768174051659
255.5408417146744 696.6972529954996
189.17048693223398 628.7137306542432
135.0766364979236 702.6745749309177
654.7886365545479 997.9038044138465
698.8217268246073 1013.6101479982304
549.5224259838502 697.6849358477733
639.1479485049996 1057.2090734599217
196.06623422549103 588.2057799919191
278.5194853709541 731.943520194466
496.2378254199637 777.5036013222914
649.4550404412302 776.6578820792208
629.9254296229736 1010.0319082397717
543.3677748755947 834.9176528117965
767.6775656977106 987.1740720465699
775.1625227734855 962.1820911269652
188.47425288204624 780.1964692866154
736.211622608665 897.9751601697643
252.4038781101293 668.9074095699136
178.73524245087464 556.4345760412596
174.16816279928628 742.4912812532162
293.86642425940545 721.7457045609417
282.4974915642381 584.7180707106268
581.7655480421199 897.8384024200572
539.488934129307 794.1737270944911
476.03328870187613 833.0666421744437
172.32311252111933 719.5562226398207
141.98126932926627 685.9017657371073
176.09680563932906 610.4277617810363
604.8186601453981 747.3001721624626
716.5961567604456 1035.8237879290823
256.89824090701643 695.3672662169777
228.58892026811466 583.203271390951
227.17185852409372 478.51946893706986
647.3300905353842 1054.287787552013
709.9119267094633 986.357563052513
548.2956732667533 891.8759360633748
494.69313804064547 830.9760130020735
614.7729706124227 752.0842517359607
243.06661358182686 604.6504943605693
839.401321971563 947.6194541314901
595.976313352164 889.4566819382358
685.4407310181412 1069.0490142842793
278.96657479795033 728.9800332056683
748.2511171873933 1077.271014974897
293.19337274145306 549.6654041067434
214.32991556353645 602.2681323653834
280.6161021940241 663.4238170855153
544.369029328838 837.750522127171
564.0750297213827 1065.4794132935328
172.39704151358555 683.2250802817235
633.0281369883539 800.096556314077
648.6550815959583 872.5465999125806
163.98664573387634 629.4096082936325
623.9225216333462 1043.389160482185
632.9577869683611 985.651659508367
621.657544494326 1061.392390051732
320.1319104714866 588.125763576671
700.3535629055997 1073.977059938713
351.6020306219204 599.457860386912
282.5821449969649 594.1903707027342
531.3992445158763 908.3368214421236
608.6681247582625 1027.43969630418
284.1803829625083 682.1630172442183
649.3943905103453 950.4086056877858
287.93153359836424 684.6228198642808
697.7737282757246 964.5867188278518
549.7255173567174 730.0329114422861
121.38603957601333 571.0518346249072
479.12798365450817 871.3378429753882
764.8232656807387 922.9584384625422
672.5308627682547 1067.3032631857895
603.3690968805702 918.6125756402652
290.99547571237116 589.0592757661444
186.04841128601495 621.8011362884795
738.0529123198879 905.7866039163242
544.0163758637178 961.2126816123802
711.6430331782221 900.8887560953959
754.8708619849613 1036.3265074517735
477.9496076051212 827.2207632870835
680.0297766684558 1022.4798515800164
235.1924126289105 598.7796720204386
672.6462184177252 987.7491597655091
174.18435522141638 600.80067493413
187.02060390695667 549.3396473402381
281.8419065471587 553.030979075282
592.0399180966449 691.3904809773546
798.3722674156502 916.8712221087882
771.0706628269979 1023.518927851263
259.5111189302004 659.9746933672767
743.9711481342318 905.9569012673647
603.425115886136 1001.3898580579513
548.4505447369754 808.589085171004
681.7100783392947 941.6090828168045
693.451975412493 892.8478523177018
113.61220957149874 637.0108697740651
249.36330018280375 746.9169284811768
614.7342387465075 1004.4613513928224
198.64232168265895 571.8831308066865
705.6925787818379 1023.3259002626795
304.97721888949275 614.8591479026834
664.7397969381153 801.6104064431669
318.82444768999403 653.3270537634249
621.8116487236455 1045.130339489486
259.4195928614444 728.7132529675138
676.0289404416839 951.9488329382564
551.1821849767912 869.5488808500969
583.8570959947886 827.637399092378
566.5029685742542 915.3021108045295
263.22273780246184 645.8213978050497
555.9576743595729 668.3110877871343
329.66512713992 601.4184844736252
285.338906419639 619.6805541738336
524.4963810726769 987.6453211521053
317.8917563713954 693.3075367742091
643.0395413075344 840.9897906090929
178.7773199430912 652.2641890782501
468.5565574653822 719.4743084052399
216.77340830004312 581.1131551001201
585.706512141663 877.7876328019319
745.7873726196876 1074.4763993540078
490.2169677348576 836.4117925358879
707.4239903784122 1050.9823564453827
541.819856493124 733.1768876266894
546.5873775252671 727.6624952363793
253.64899668871146 636.4858296892301
602.482717971226 769.5224789012344
667.9462005735232 1005.6109624469437
758.3355898030491 1068.1622428562619
750.2238267237556 1013.9250128486972
555.0129916236733 759.9980873987
539.7175031001602 874.981241579445
670.6577122272755 894.4613631738223
558.3643477390264 961.901645753268
485.14443694723633 747.8345866814027
611.7224668926276 679.6262323134871
657.2068902826192 997.1034653038705
316.41576446755556 646.987810217641
497.2382486969818 864.6188321456597
114.65438410332104 746.9787005510075
567.13558593609 816.1325648427027
600.2857739138592 911.8311623240963
576.3675864176755 808.9515122626881
182.73514458786684 637.470684773629
274.2940710586878 546.0869199458352
315.01854295536737 580.0877777336707
748.7665044921896 1048.1409256859697
762.2112683666204 878.9656437729701
258.2648828442083 661.481023934681
399.7852324504006 858.6984130832292
273.36859407094306 673.0012946213238
303.2595131257308 606.9016863276659
714.6859466042454 983.127848647908
503.9716185591144 936.8076531455166
543.7713923841515 681.8995289275512
559.6004743849496 789.1622706327393
701.6475184108541 820.1937673001139
570.637722114803 901.36418702299
739.1759350620256 1054.0232229996668
201.51213326101967 558.4898201362671
432.532089335445 807.2970182831257
195.2132879987544 719.7704847265434
590.0468897497728 898.0480508951722
204.8578848410173 568.8156678907233
170.2771176989806 710.4161416516482
408.14699148734917 758.1465792467536
725.1891775616689 954.6314983357967
596.2537779776221 865.4147736436915
249.01591351915906 594.9780168957395
122.39832480779997 732.6758543358782
660.4633904840764 994.4570770942746
538.2660498980536 812.0032344349864
176.68072324252572 697.6748818888952
647.0318339470792 961.3202440691139
253.825100675008 654.9154360294365
529.6284164026811 921.5243289822315
595.1695012967367 871.4575188449901
314.5983307038988 564.4011190828417
665.4488406812114 1006.6939225913757
641.2629822789906 988.5341379474264
235.07560030032758 707.9394697630995
288.38490315136096 626.0328742503995
366.5379904485069 581.5169803636608
348.9677255195709 639.0523092676466
279.06506263491264 592.8455932612841
149.507727011319 631.4215418065874
492.02138195077043 794.6074507336343
212.52961253180365 655.1061863587306
585.0392030912167 774.871576356993
550.4580432202728 707.7007851323754
482.67372883704553 850.301115383158
196.87650292888392 647.3349117925546
545.9615959383465 801.2067316198586
713.8242249878307 882.9442475355153
639.1297228909232 809.8830382935549
150.57127133342317 558.2005670260188
728.1466244737401 985.8560467553185
713.2716959030569 1097.7276035361267
278.56743765642733 607.1762891927731
301.02670325164826 662.6340849421532
680.1201920681153 1062.9466434053918
650.2916749229281 1051.3297319034705
242.1245926110388 578.1086627858547
167.63791873429784 685.1452569082574
518.551219158655 836.9987459216815
163.88384139882453 673.3568864408709
674.8687837667045 1040.8218020811235
773.5218022916353 933.6232975936225
205.68550994590404 582.8472899262106
659.721107040314 1021.0573295560915
459.662101464828 849.3875632700815
756.3283322848494 1026.2985223251308
156.56836288841126 585.2997136112111
322.91931910565427 715.3534020555148
653.1433256051206 959.7941034276217
239.95389906300917 614.0482261268377
716.377208419172 1079.843754832085
742.2784879516975 1014.7555283411712
453.48098439962314 883.1621608787588
615.1320855789465 923.5474333531895
682.0114336028453 916.4329694747631
763.2482200447524 944.4516952229667
282.9871160815678 746.0429594907982
587.9023340527829 867.3697288120637
174.31202948671657 660.6020574587833
295.616618465227 549.9236287312224
625.1644190351793 931.5101204311609
155.06032569520437 546.1476120606854
550.3924459411813 712.0624538769812
220.99310079614608 584.2800074581646
641.6072759813061 925.8156969419223
249.34014642348714 690.6116664368486
255.60698942294633 546.7988232277154
643.8972126926595 1049.994677331262
611.1926873421997 922.2637335748394
688.3147689239744 890.1178851406638
268.6414834861307 659.8690565355353
321.10513456868256 670.8657888558073
216.9883954763165 684.5368419615181
692.0892628704368 735.2596444919267
659.5473010794427 905.426227475125
552.4290571872137 840.2170460877974
782.3636461111788 975.3872384532519
614.6143613246538 969.8436118981906
680.1042052991179 1041.7062377335828
148.4061305049509 716.8728628525324
672.6670868706382 825.8635573485245
524.9365528392444 748.3359082005642
170.6188833758966 611.2974856561955
197.93068346962892 811.4041218397812
695.1254829474742 939.8809183902252
319.11904521772317 680.9535821546391
267.90288878445557 754.1885900984909
180.6660589806357 619.3500106156498
654.6894781864507 825.7793148932095
129.16148896693716 740.2930020079467
479.7407946542733 738.8835581367374
245.95289907781375 585.7128825208137
783.4242856387049 947.6347954879751
636.3534152727599 892.1407033016313
434.6615910659336 840.4530184625186
259.78703926072416 695.5454782854372
672.138162394747 992.55428237636
530.8757509740739 743.4419270254073
294.7815925124159 668.4608247790874
602.5322484029034 872.6754116542402
696.1798202007378 1005.2233524533565
795.7213452307707 975.278112730696
531.5154412652173 751.2982952458682
686.8182994195088 771.4741698764298
629.6441750110661 965.0017749133161
673.0863971158224 785.295112414933
288.90060816358636 665.6483009652775
143.08937577450854 695.5792763403804
496.7473845575884 828.1358777447597
811.6061248561857 1046.5254066479094
578.2848243818258 890.3491049298098
571.4162014875991 723.3207026199382
542.3225833938782 750.6635302274675
675.3503437065435 1041.7322479332684
343.6527661489202 689.0207052893461
513.0993998148431 728.3004583240008
535.3656469764794 861.5221112760546
238.53002783681416 538.2704691466384
221.1993170200207 653.2620535397535
704.2525000545555 1033.5203474251807
549.5385066579778 964.1680344759405
289.4260624643034 640.5000544959775
491.33644793082846 666.2013099729694
688.386240027456 1024.0800193679531
496.105960052342 734.8159687640774