893.2661207160237 1103.980388759966
-255.93111069618092 246.3917048130369
854.5687790275725 1556.4109330646634
1127.4505596106699 1646.8159335828973
2351.195010430114 781.5383726528086
1342.8362401257862 970.0261841948353
1003.0258068225113 1121.2812941860036
1314.1815417691957 1170.3273158542777
1033.7157103312077 1126.1187999859294
1142.3959494388632 1497.1500926295753
1055.8879838368186 1129.6137116480186
1128.8033168868635 1633.2691771801083
1141.8959572854567 1502.1571046225627
-557.5429230380913 2320.656046981045
820.1122249662826 1092.4494826795262
406.14125032189776 1049.2446287946984
2357.3637349617375 -415.23449045292676
1994.7392161404275 1049.2921512428088
-244.71243571347787 1539.50602492899
518.1914726301128 1044.8591280819523
843.2178968198322 1096.0915215530292
1111.0821771358874 1810.7318806606113
775.5924035376313 1154.159414288493
722.6690706274052 1077.0899744900066
1280.3774581704536 363.13387299317765
733.0719455309645 1142.0846793958335
-197.4849074422691 541.9855208772875
1130.077608831332 1620.5081868224568
-1149.5879805678362 1789.6865452521617
1133.4515236892914 1586.7211922825868
1225.9015462029074 1156.4121534801657
1137.8063438931688 1543.1112339271137
1155.1982445097174 1368.9455907772726
1420.8846641509258 1187.1464294512152
1149.3955969914628 1427.0543541189302
754.4198464239521 1082.0947006216613
700.7436561756585 1132.9042626788428
553.0828143305929 1288.2539690898918
1053.7181557720446 2101.8392545613506
1028.4075506021118 1351.1314813023955
534.5306462838878 1047.4345955249742
2573.1038864564293 731.6012424252408
-261.58704003231884 1533.509654123004
745.2009071110053 1080.641562380842
-209.07202774121868 1070.9297330921659
2003.8025129189164 950.7979675782585
956.5270584060509 1113.95191418029
364.9429460553795 1037.545352131984
495.75936801419795 1074.6939081167611
944.0372031011234 1040.6897781465846
554.7505785273121 1050.621768774768
1225.1335133758932 1156.2910920615736
1220.729660440978 1155.5969333422854
1515.6336890045397 1202.081274623889
633.8529856441271 1113.9090036594353
725.5322551356056 1139.9435979737468
473.8605429876181 1068.4751955475026
1408.316558024792 1185.1653777264346
285.67202124754425 1008.208175616754
2507.6250997665466 760.6606596836755
1130.3148043779265 1618.1328676531657
1154.5186258138488 1375.7514155041015
1435.7834413084968 1189.494853938478
632.953901490042 1062.9485924253697
502.9493507210784 1042.4565837690566
921.6129297953 1108.4485635553522
1156.2668325558948 1358.2445565183934
335.61828565804734 1029.2178900886647
31.45708254562333 2123.5454703317737
1233.6290057248614 1157.6301967446402
1156.9711221920816 1262.461326763958
302.3125723832085 1010.8311477811967
1115.1383694553865 1770.1124360328756
-690.9880579831769 878.5881036733206
858.1455873596256 1098.4445035213591
892.4709414618194 1187.349963643699
1090.7251969378713 1243.649159100145
349.8647840032689 1033.2635353787578
1268.4363558255752 1163.1167163729779
4.604550887180364 2125.229757080291
1413.9868768650597 1186.0591635367891
-265.78981960452177 2192.8650790479514
1491.2155602894438 1198.232359320224
440.8070832347518 1059.0888487744155
1935.8853782943982 1008.4808517023134
1110.0510524097554 1821.057750446436
1542.3913094331663 -1.8602722006753571
1031.9131781172064 1226.948032888139
-45.16081933452161 1922.8310605721215
1415.0649727418836 1186.2290987422073
479.13033134618996 1069.9716821883612
1122.0942316311373 1700.4551722172932
910.7090999887358 1192.5291394914354
570.9565240524418 1096.0479989805376
450.0173857790738 1034.113165962746
958.293307001638 1206.0418510588447
734.8655734142699 1142.5940243606408
563.3959322990996 1051.9844954122623
570.564047524039 1095.936545570715
1150.8404460553434 1412.5853738727017
488.12424483167797 13.686164424712302
117.89699319436973 286.4674506518508
524.7197775202646 1082.9179321174852
1831.2423655790703 266.6855317353063
489.8913093879928 1073.0275278478819
245.76414206693562 1001.9176834702334
1807.3694858296308 190.35212663809386
323.1578123397994 1025.6794307444284
772.741398953167 1153.3498010776061
667.0781374945186 1123.344106646777
606.849624969344 1106.2407320404475
1990.2262573254748 2291.3091047917
607.6173336595322 1106.4587418960177
-576.88434228875 2519.950226229472
1144.4687630826406 1476.3925613305094
1408.266790658105 1185.1575331294346
1109.877401575485 1822.7967213560014
1162.234097894344 1298.4872805063712
959.3005125935985 1206.3278719785492
494.5861377382848 1041.138329663148
1133.881004934551 1582.4202892961546
1159.5213956857217 2211.766849769142
734.2817257839417 2096.556417766533
364.02947970495075 1037.2859507865642
721.6583286218205 1076.930655959961
941.1783603332153 1201.1816389771495
655.9825818471523 1576.4189297851542
1005.6923771430553 1219.501988436162
1481.0214148513735 1739.1430997768514
417.2896602540515 1200.3407404703078
632.0286507833537 1062.8027494884986
239.31447594356734 1325.9838159504
982.3193916836115 1212.8646515799005
1159.4132556664774 1326.7357055447
640.9691711412124 1115.929820399246
660.1438696363465 1067.2344198008216
1881.45968238499 2627.606143935967
1162.9790819190525 1291.0268755362426
360.19855496291285 1019.9554441930239
1155.8080162354408 1362.8392262615866
683.1158897320723 1070.8553917734964
2230.8235090830094 -107.86827004836663
1116.4856754168916 1250.9644836033162
-264.3582794731083 1735.3223638255336
3026.944401971703 656.3554961457257
-134.10350885391287 1836.4441414590442
972.5691810184302 1210.0958382968643
921.761664678544 1108.4720079386211
-85.85018582857926 1984.6484246121754
911.7317832376485 1106.8910446870048
863.026991642706 1178.9886264209715
1126.7658573572937 1653.6726659754413
337.864973843288 1029.8558927230438
1140.8702752845263 1143.009072361772
1530.225703372561 1204.3813455288985
1235.382360521315 1157.906569851997
274.65581113922525 933.0916143310717
577.2010627712256 1097.821290075954
-553.9065727866728 -437.82785000736993
564.0596153323493 1094.089451300714
255.7346209728332 1006.532949273191
2256.2626367643948 1733.823403408885
1076.1014409390432 1239.496382175844
1113.4466526687663 1787.0535943723355
748.217997213198 1146.3857750873433
1108.3860217287026 1837.7316692908112
1160.008739197489 480.10861095247964
1122.2935313132323 1140.0809071859053
2171.4591815472963 -398.5108898894916
270.6309974336967 1005.8373294550615
428.87256475823835 1030.7802068252986
1328.7488682775904 1172.623495327563
1253.8829938897657 1160.8227380698872
1794.808865853817 -62.6260284951005
1074.0792048808794 1238.9221182700114
1522.4866323998249 1203.161472005802
1147.6829076868432 1444.2055350526052
356.4666742347515 1035.1383052677156
1153.1843526735254 1389.1130684220607
1755.1179647579472 662.9838913297315
1153.1777678341728 1389.1790101961199
1109.3418603182483 1828.159728514123
233.1429692920842 999.9282670980734
627.5071154640133 1062.0900410459426
366.45437779829535 1037.9745605285916
-142.99000068572627 2400.0143739577175
838.4505859809751 1172.0095486571965
1122.595753675482 1695.4328396193268
1529.9651293806105 1204.340272470555
479.8999642650598 2431.2926642664543
868.1428482937514 1180.4414003492423
342.2567590971501 1017.1273629142048
1061.6161279864862 1235.3829195759843
1276.3501806733427 1164.364135531198
2044.707914178469 1006.6346534213717
834.9981307387501 1171.0291386679132
1442.4373858160686 1190.5436840574337
1120.277843221409 1243.313059412913
788.7248912749393 1087.5020442252783
1407.2306619601618 112.23399312116075
1104.8666168627176 1872.9756271251697
1308.468493286678 1169.4267947704757
886.4073559085813 2046.6731541696704
351.1960272191001 1018.536417894608
1136.358488136132 1557.6103237432392
260.8597965162422 1004.2971408032128
748.0887050889859 1081.0967524554392
876.7738473706268 1101.3807889293666
352.7540876560641 2100.2289004733157
1433.418994999363 1189.1221573371085
1162.1271759237513 1299.558016487775
757.3201836657356 1082.5518672017029
1105.4121714135197 1867.5123450314704
1444.231559540842 1190.826491261347
1160.1784519159185 1319.0728916948458
1266.5398951522777 1162.8177861562763
1130.5339048994256 1615.9387553429185
1067.5600808842191 1237.0708518988988
1313.6877175511813 1170.2494766548775
378.7160433676003 1022.874269191361
539.8092935112783 1048.2666439727975
725.2664346214804 1139.8681116693288
636.7197315578868 1063.542182587345
1455.6236395636838 1192.622171497621
975.4006575738844 1116.9268712509108
879.1496985844269 1183.5670675102654
251.8816975740596 1002.8819651024222
683.6859207741584 345.99067318201526
316.13617162784533 1023.6854623329157
1478.7873640737682 1196.2733609395707
1027.4516630140781 1125.1314275356042
398.31178415092376 1025.9630540637643
1529.691762791115 1204.2971829749554
269.8091088855588 1010.5297479499469
170.72520888545048 1518.3602521277446
778.3703637610353 1154.948284747854
1147.136239953542 1449.6799647574937
937.5821151828603 1666.3479295881054
282.05995938363543 319.76406525752594
-32.0230965372339 -315.16312021572145
272.0560152094559 1006.0619483351202
1899.4780288121212 -388.5393408668485
539.6235611196528 578.0398052819532
814.0670146868705 1091.496604486861
2186.0192056930127 -866.3428594615805
1156.2596436613533 1358.316547410532
1418.0840046953474 1186.7049746139219
1049.3161702314985 1128.5778274386478
953.5652216354324 -227.94023566176617
2090.404785020116 336.29006803480695
1120.2404168995827 1719.0196087398122
1117.6724378725614 1744.7358158811348
916.8605999931668 1107.6994760590535
1132.3004614532376 1141.6582527314204
842.9355331444137 1096.0470138889
500.1005306229361 1042.0075375951642
1121.9847858716016 1701.5511818783332
1112.0683454753878 1800.856212273933
1815.7861701876832 553.6918474976285
183.3601362144114 1568.465648904424
928.5683305109466 1109.5449108049686
1102.0786727751695 1900.8946042271637
2407.5076038004045 2345.9995512567853
1153.7262429435423 1261.5398631080711
335.8473288188909 296.8934328996417
1144.5878776793866 1475.1997261822287
271.47588516931216 1011.0030702680777
836.579950180893 1171.478335391263
299.5248203274437 -518.6614900103887
417.1209780221547 1052.3625938258704
1109.5724268794727 1825.8507932051039
1122.3940481305897 1140.0967511812055
1585.7437199343872 791.9978504209876
602.2199845402416 1058.1041489927936
176.39245834840114 1680.2897675676586
920.6705314280898 1108.3000177130386
945.3445343776089 1202.3647270590052
342.2476496615737 1031.1004618341753
404.2448420014724 1048.706096784677
1142.3986884314904 1143.2499889700964
1136.3924412900483 1557.270310709635
273.3977749201559 1011.5488383600092
1132.802862239872 1255.5981520612288
96.84493113384246 -266.3136320353306
453.1186589971714 1034.6020051399512
875.329725980776 1101.153158836062
2471.6119093116126 21.03295165381776
773.3857675278865 1085.0842099668187
916.7814514821562 1107.6870002498363
1144.827591628382 1472.7991872751113
2271.599766554107 -595.752689960796
235.70251708710606 1000.3317166331982
1107.5651170743429 1248.4312706011447
1104.3743569604046 1877.9052069550828
1029.8890311708942 1125.5156184664036
957.6452422505221 1205.857817056629
1125.6557496190687 1664.7894859513801
1335.00282741658 1173.609277625601
885.2067309055104 1102.7100248782037
1084.3326769288003 1134.0973154420344
499.50570187889707 1041.9137775252302
821.3076249675485 1362.2647533494257
809.9765005947806 784.9019460211622
1160.4805826479019 1263.4579247924567
1112.1248736197765 1800.2901291964947
1131.6380356902807 1604.8817896006092
1107.438071366534 1847.2246159296708
1105.5035279800722 1866.597483825647
2006.4114252120428 333.19269041073375
1133.6717070934792 1584.5162357889408
524.9968008835157 1277.3978065347724
786.423780109979 1087.1393308461497
1150.7759824003542 1413.2309245907331
1132.4151934336091 1597.0991911842596
1169.0327823308337 1147.4481964906033
-369.10651372949025 32.52416445006866
1134.034017302096 1580.887995730839
319.21871486646427 2471.981291800749
308.99685596722225 1021.6580772115343
232.14347187399187 999.8336594598723
1217.2690818236283 802.7694546591429
661.1720884849414 1121.6669380696528
1148.8189208391166 1432.82929356787
1706.873901648632 -174.10872242737793
828.8458220277548 1093.8261186936186
91.37685796173444 1943.4482069528399
1143.3600564573057 1487.4953503081654
229.50340792812017 1019.4199279916554
1342.0867456963867 1759.3516355993393
1725.4903217189462 740.2848908441593
1152.7494658278706 1393.4681040700223
1119.9134149263127 2364.792695525543
773.7683441730549 1153.6414275525017
520.322856311765 1081.6693176757447
1125.991199470197 1253.6638120757768
232.78173656607342 1767.1443586517455
-98.42417794817774 2270.333591605043
2758.1702257880306 3271.979277693704
560.0082299179596 1092.93896028721
249.96421497828018 1004.8942998824363
1156.7933392292823 1352.9720233194632
436.1927665663054 1057.7784995191573
1101.682438644189 1904.862564588809
423.9206757107046 1029.9996637394838
1119.7257929635125 1724.1731460548021
380.9959198734842 1042.1039907774573
1072.275724422303 1238.4099754229615
713.1970458243618 1136.4407104400475
554.295488802907 109.93137120723577
444.02596026150763 1879.738795148839
2239.9253114784237 2382.332729798119
948.3522953436878 1112.6633645530162
848.499692782979 1174.8632408851397
566.9882283824926 1052.5507322247547
1075.5646325939842 -696.8227427408735
427.80383972325 1030.6117487018046
1146.5715435155 1259.50810938574
-25.436540071444885 535.2788439613357
310.062463592041 1012.052726847449
297.3326154260239 1010.0461804821975
568.5366886330963 1052.7948087641653
-181.7222466957748 -883.2351620512908
1150.8489185103736 1412.5005291733262
745.2137375049698 1145.5326412965485
1134.8926401137055 1572.2895913641082
278.77548777091204 837.0812534294814
534.6893230193709 1085.7490309472096
1134.4520790100514 1141.9974021330258
872.7903375592457 1100.7528869285943
1438.1048501587925 1679.7485124592893
869.0482914211069 1180.6985233021862
1168.0342187481701 1147.2907975883436
1291.4518227438946 1166.7445366648801
1496.0044303950501 1198.9872064934777
1103.0980996126862 1890.6858792168932
1028.811803928319 1125.3458201797353
348.3412247328643 1032.8308830710027
885.9405088099126 1185.4954859004495
1880.4489516248946 2305.811197684386
1255.8700013756838 1161.135940756722
657.2426338575017 1120.5510723164753
937.4779760895428 1200.13082342064
1103.35475229185 1888.1157127975814
1112.3257634916724 1798.2783816300596
1057.8188395033703 1234.3045856658136
625.5491462189092 334.02234741476366
1308.7568559090653 1169.4722480205285
825.7287134166894 1168.3968585368816
2885.3484351166253 3018.80588235174
1143.7570989022329 1483.5192953442422
50.549323308993266 1957.4384320618344
829.4690490876344 1093.9243550571177
1644.4675367647783 1316.7670220214472
1034.346773752673 1227.639112512201
967.3473483693185 1115.6574658265945
569.3310565408552 1052.9200212582343
472.6639573784392 1037.6828390126896
1357.737631154933 1177.1928582945102
1174.6430974648874 25.730125096485903
-850.4908133885054 -762.1599993809226
1065.184679747885 1236.396298041072
1115.75563638895 1763.9310131481946
2260.5663938349403 866.1702479130338
-715.9324525673778 1612.2665196192092
714.2578324368933 1075.7641503954594
1377.2894862963474 1180.2747256786515
689.1990331337955 1129.625881654717
2294.865674505635 1426.953221238017
1133.7965149923086 1583.266386882313
310.6196114723914 2573.9726857389724
1159.9352306582798 1321.5085534260343
-897.3332122062089 1869.7263034405717
429.5259275276058 1055.885285811259
514.0928493315502 1079.900153226629
1446.4786068402288 1191.1806828064723
408.31634117932754 1049.8622995984042
1112.4700662402267 1796.8333077669793
1411.3757941205324 1185.6475907888605
392.5569872926573 -136.5144457938424
2750.0622075326332 1563.1243367073516
-173.57002114774917 1126.9647239107235
1043.3437031750366 1230.1940129699049
965.8485573751522 1115.4212184195246
899.5318273229656 1104.9680227563756
-319.1540323874388 836.0296609740209
1257.7448756541207 1069.7317826869094
54.77520931427846 326.51281131937253
1115.8095648131848 1763.3909641392902
759.041119029227 1149.4592680073633
957.0903882652399 30.963791453473387
-1054.1973874240082 -856.9550788054894
1135.9817316852707 1561.3832310879773
1195.9213194830538 1151.6865107097578
406.466309751865 1027.2484137547458
-85.85018582857926 1984.6484246121754