1050.2397767739644 1029.5554242651049
1097.7384585131956 100.25832492033338
272.9945716516559 382.6977468197399
1126.4457040868256 -90.81010828540799
1018.6165510347141 1080.1932409188596
1018.3655800630576 989.66547207292
1118.1258689079068 1163.7233584801027
224.57337508821092 475.67492412766495
295.6890640895096 539.1564640192959
330.81851279126664 450.417399548632
1194.1050250689907 -20.93597832111883
990.6211088463657 1001.9659186343246
1194.8633027524925 41.18471660806399
1021.0532026007302 1144.5639201375545
148.02818120450328 379.9975916932213
1116.8275700655306 -30.9747435519389
1035.3742923183613 1142.4058601013028
219.85187616114004 396.2997755061195
201.87111083014008 497.4757228101013
1012.3374687449301 1025.890100404211
963.2032968622844 -49.34159495709181
113.18002509473955 442.2569230888638
1014.7702690471067 946.042242154005
175.59201625200865 547.4273641528198
1047.2823694101826 917.5162572105988
1114.775236828779 1071.662042430001
1147.7561953390789 9.160953085448197
1002.2745508115182 1070.0456907674325
1016.1321350117794 974.3549481610796
1118.3347739323174 95.99359022198705
1048.5090405848186 1007.4818623280463
316.38376838664783 483.10144611633467
1029.0270993474605 1072.6161021205965
216.31449596751108 520.1037042533904
1107.2925496643866 1126.6837002354937
1231.9589069695219 21.66994554131034
175.11117980008655 417.1146252391314
374.09340187716924 416.2848941070482
209.16443325120807 464.5642311045503
1050.1236009903719 1056.710273122759
1047.8257775005488 60.53610803932207
215.0162840186483 537.1711109689747
1215.850949230046 -106.6954311121497
196.82706008565086 412.62109251840803
1171.4937155220111 -10.388140624109647
1141.4303566465271 -59.260730941008305
990.1586641630073 944.7253329085962
258.467610859321 364.1097881177629
218.88511766299325 447.1195063195338
190.17796270571534 539.4734044789219
1079.1092094231183 111.98247335822876
1102.358127054918 -100.54231079053147
1243.8402780873107 -29.078551254539747
303.1566250373924 511.3387767215063
1108.4540891502415 106.97927594356545
1081.2412374518012 1050.9606445359814
1093.3264759602223 38.27339068494459
1211.7490928896216 -13.394905428719209
1114.700025160257 1062.918286728812
1048.4313526129074 1059.548845492886
1268.6432030018216 -48.4643205325725
319.4075482054668 360.7580754821216
163.95184462660876 510.71126626513615
162.79322945789568 504.8523716574252
1159.7026758104005 1144.9539116366238
282.7938979070429 434.3408644043262
1085.7106213853726 43.706174657267525
312.2786421080602 464.46175632617206
1196.3610845199667 -85.45434460316844
1012.2665726218514 1056.6025516082143
1007.9512733508054 1040.0782536807926
296.91041265894853 360.608412146934
1097.5391397125886 143.50592273254622
166.66872737654828 472.5263757790268
1147.096822154504 59.50989346304618
1129.9245788747219 1179.6715211966298
1250.5917182373469 57.236977927670324
271.94239025243684 385.0044500161146
298.26291135509143 584.7101146203483
176.4500024082934 537.1112447066669
1197.5595525508618 35.841841553261595
1128.1589307345578 1069.1262274109622
1101.6717074991627 -47.138367674291004
279.25163388044683 422.67231257802075
1150.5554839264726 924.8063186461546
191.34210998418968 518.3037775024276
995.0271813592825 1095.314611580774
1084.4380761860587 -8.218297827737716
1230.4880784913205 1064.9121269077489
215.81885536166715 613.981192350424
1001.6361017199754 1073.9720211972765
174.6756261244604 324.5121318314573
325.4922416504297 473.795740861509
133.63676849428245 481.4965466876474
1141.1887779112317 1108.7655627187373
196.62228742227802 450.7575741732938
1146.389485038365 -4.676608050594166
1005.6997752185214 948.7333682259913
295.90644268129176 540.8714859970212
194.4886776824082 445.4236206896744
163.81110893264173 452.897466024036
1040.6582461185021 1120.5587961041656
1001.01501477987 956.4330318143776
1210.2993331873392 34.6423171994164
1061.2617973101665 920.5475621366597
1098.6201278838143 1100.1854423182
1126.7374929255661 1007.1808413520029
263.5272814958455 533.6617485652649
1003.587926582134 917.2713778488292
212.59647694904928 547.9246172607834
1081.3370666474218 1058.826087434272
1042.2998931623397 1122.9346517812985
232.05763388745726 365.6293314758693
962.8812506853237 -44.642325872831364
258.3058089245948 422.871674137361
360.80805833036175 540.2152217774963
1001.3565774890258 1107.9871144823253
1022.3254855700185 1055.432777950493
1114.5785518957737 1022.7556016660124
1212.1468610712682 1072.203528228433
227.63279047062437 472.99970963309556
290.7689422895152 465.5104962817967
946.87274839755 -38.1289322286915
241.61454570531097 377.14828353259435
1089.1482310119081 -95.7077054701247
1078.071855180458 1142.9437578805434
1065.0542409010234 17.93687954847846
305.5262638848023 562.8265671289846
1158.2751037958403 911.9463304990838
120.05732429533755 490.05009074788956
176.0059556701189 408.3559384231584
1025.3115253866972 1074.3580782227714
1080.7574831919662 978.0993658103523
188.53394996954796 389.071115084351
1115.4864050006965 962.9824851241577
962.8143054575186 1193.415133471518
1130.2296674510542 1071.4968278434833
1072.5792591339477 -4.939913418892581
1114.854816316412 115.45447902149843
1107.3209947687633 -50.97438859392394
1217.275162922884 1135.7433244818112
973.850659769847 1003.2988330899638
1188.8649710414695 1039.3449185603981
1095.2352915547542 -46.26755134806945
1082.7204008586077 -50.54117939050166
1115.5563290348637 -61.546543391393435
228.3752542933413 394.4857689709984
244.83955384969448 468.4328836480169
1131.523924630335 44.98752613021013
1027.968777436693 1144.4741022635837
1115.3756147936106 -49.93384223767874
1208.9434769308862 1005.8567638006557
1211.3663556390989 47.58849758149296
1128.2913576254255 1123.8064348078753
1069.5780672817768 99.02236845667265
1204.8052895599988 74.15692276971006
1084.4927161800892 1130.2950506209545
1136.7305974252017 -94.1893912182252
248.0679725431035 416.5756322635337
1139.1077081381243 -104.1242691684551
120.83391700362823 568.2077584000822
193.7664480587934 400.6255516662653
348.7195643452621 362.2950854656021
349.4345721838311 503.9024031009195
1076.5203234455348 89.02551161638242
261.5246405986196 335.8260343071923
1019.7377855371082 1094.2428972542043
1038.4401154810575 965.6526560091038
190.90989190771043 512.236607804257
129.74507787430562 503.5824797705427
1047.4544054388682 76.19539452285522
172.99622763672775 375.90056801034757
1139.9752236792783 1048.7139517928413
1040.673698833587 1049.141112182274
286.73089238082486 480.86872936368815
1005.567996619214 1058.972066810472
260.9585177153848 497.2401029606507
328.95299678341325 485.605287919997
1176.6798385392046 -17.616256511610977
1145.6843240817316 55.915488993693536
163.96237471645958 424.5652670015129
134.2895545709647 516.2223620334876
1101.5328388118392 1002.4026520316498
986.3072864121431 -141.2362937095885
1149.5952885481736 25.336615713653615
1178.6565526903878 67.38120903853755
98.57837652054488 500.4781452128464
1018.6398992333483 1061.7290535800748
283.8058632766679 561.6160821877744
1177.6501635936067 -50.785385511054734
1087.0413962429266 904.3458625862403
1090.6340575089052 -70.73813590976701
1014.528345766135 -54.03241559758958
1076.3707283300644 28.370243595789013
1096.5499663491378 1027.407069603108
205.16365731485158 421.5064501319315
1263.1970803262916 11.759577669767335
1101.6528676563985 959.5538998213805
1139.3470186023173 15.997271320301614
1209.8816888828583 64.76448088844053
1076.3148734198887 1144.1646446884208
1016.1226743230037 -34.047965437456426
1144.8484990138807 1029.0160540707695
1111.7934720793994 -128.64305463758
294.68478089474377 326.88641206761565
1054.9416921294755 972.0406136417188
269.09771023975344 375.27188420812354
165.8434271639602 503.6288122869386
1011.3979906976213 925.355008606369
1289.5099851164684 38.75050278193394
1060.5380536931536 963.7049230761126
1006.9899492916577 1109.685717634232
1091.3809919388916 974.6574385923454
1162.4115128742444 123.70441325372639
1141.9926515333432 1068.6697502381621
1131.1823911009344 -111.60913635430663
1038.7472583607469 992.3499980613484
1238.8824668424363 -20.633116967554525
202.30152298042552 516.1037955773844
228.0761008374163 321.9762025825343
241.46304897937816 557.1458412108009
199.88805785973818 555.179095411234
307.6499165011584 499.3836561718695
113.15084496879709 393.02648052182616
1077.3262769698201 909.3325769137805
1098.1630977383084 1208.7986315522674
1181.1984075220662 2.4505323277241846
1110.4330591294556 139.4721858935005
156.98122853641766 438.3294005958579
1018.9674996025642 939.9282172350337
1021.1326026926625 947.1959966944963
199.74776136408832 558.6763901644681
1158.6615105769934 -50.8499829679994
1113.45382594948 1054.8268559426344
313.8345480243961 419.89128011260163
984.0605160401398 1112.6333750020328
278.72715548854404 376.7549713020189
1081.006281814859 992.003795543325
1092.81776702627 1116.3716425486898
178.55290784506823 508.5158991600675
229.12257541203948 437.9238098394794
209.51119715353948 549.0855970200109
276.90153211592633 332.8141483564157
1066.459799503359 1163.0880794816735
274.3110696033314 527.9508875611228
1025.8834128016742 85.322580804429
1072.8324254047939 -87.23049020943911
973.997222772967 1055.323982138623
1008.3661885978446 1054.9027851535686
1023.0427227939516 1105.9987494115205
153.33336968014635 383.909325718591
259.48610614119775 471.0087721124102
1059.5368226371884 1041.3906220788754
1027.3932645246082 1140.1092869124036
123.7509807175903 517.2615403436262
965.6788803663683 983.0095974595242
229.5917451793281 382.2109049957658
1055.9809064730298 10.102079328971756
1031.3620645434626 898.5438865876781
260.6384095752009 429.8245179283875
1108.7724573893047 902.459264413902
1219.2233884645111 114.9259657482309
1185.807659331033 923.0289595852785
1083.0059991915132 51.56415240577628
1028.4313858940898 1096.7279538087737
207.98872616086035 441.21367827007805
1122.201148934059 1165.0371936754327
1217.5923811866405 1041.0302952747263
1221.3383051699675 158.3187382249511
1148.7253226777077 1038.6350274254103
1101.871133994215 107.01906936660615
1144.6922794346035 53.21098492753854
131.9652822412967 373.81966911793137
1186.5139232617223 56.71623081169434
1000.8106812365382 1140.9463005592886
1045.9491617446392 1120.103039385496
279.2039968180224 542.53837516752
199.49757617181893 523.6284300966078
238.6591256665833 506.23325122465485
225.72571951685998 417.55912474323395
1019.33917091635 100.72507185319107
321.78622077217017 529.001958819577
1100.992559186749 905.6480818473045
1067.635443052165 881.5275507902735
229.8274133345916 337.28767095782246
161.27226704724293 376.8266365116019
154.8598966794 448.3856388636437
1209.488111957724 -30.09903717026716
1043.2008920154394 958.7653419786924
319.25432643490643 429.0546351999681
1203.7701088712543 35.38313884823826
1052.1862356802478 54.36646217077628
277.0472397022633 523.3010812050511
158.85122662603365 540.3482919619655
299.35920589362104 402.2084450297068
1068.1840266738143 -6.0209033953194115
1091.4104894118443 949.8673054110568
1140.670761022568 59.07464857216875
1074.7693966748286 18.415725375560605
1109.2211445629305 -55.29338019613517
1048.5990070390142 -53.20984251650817
252.75134994608774 443.02832286205336
163.80880062802692 633.7263538728065
1061.7812438715453 -57.17882542356795
1068.7077593095169 31.407505712067696
1131.8823812997452 100.97264413050604
1157.796106129182 -88.37417881003523
333.5641069561967 418.4919670030405
1265.0453257045406 66.99119528313777
1176.7512751794732 50.89255061513691
274.17963510270187 425.3141353749106
234.91087183558975 367.6687130517825
152.8545154442575 516.057328781938
1028.589626019818 1125.5537261881482
298.9311215512072 388.3822823187842
322.2513112304498 403.84031125365016
1044.4325396433233 992.3732389343403
1159.688988062906 1053.160801370369
1253.7614311276902 -16.894959094869545
88.18719612160464 501.49524591623987
980.6932137531907 1036.0078281195051
1089.4680762461523 158.96591255965436
304.2088219267725 441.1826915240566
1168.6074458200621 -121.24355212285273
1057.4491779032467 -20.822882030215776
141.24285889312225 392.7389258663362
1169.8575311384795 962.8850424483562
193.0503455543647 472.55368767157114
139.4701756427674 473.246765885797
244.7074926645 512.5783016572782
1114.2959927003817 17.29700770957059
1097.4592123260886 963.0011563423452
270.2940444472259 562.4838725946391
1094.3755984987765 123.67677884673806
1072.7932399982642 1155.504839927901
1136.0386883482265 1077.178915429195
1148.9505151690844 1066.5363923391762
122.64967208549893 543.1038295336265
341.0511205816068 475.83871780143
1039.96037609126 -60.41676819011879
1054.4652061059357 957.4549547206758
1072.6325260155347 1104.6289362574864
1138.3637677693962 947.8137151823771
288.6786161866379 523.1521126169002
228.16756356721334 487.18103984213326
1257.6886636754148 -43.74626580006349
66.05551249832274 431.8054908865624
1014.1917196842498 1008.5558235967592
304.98117037273647 552.0328446899617
1114.6610284643582 934.1202692122309
227.91472233842666 303.3868603854556
244.06526773360065 537.7479428073897
1039.8590840914896 44.437851605207236
1068.9845719457605 44.662826526440924
1085.572560603903 1035.4535117720163
295.22183804782395 435.83135652371453
149.60478776000863 378.3911986975321
1111.8931131322734 53.30666494862154
1049.998722288234 1087.8209485931832
282.0680370613885 390.37100122154106
1025.0702006103165 24.103849994987172
286.5572660134743 493.5859241810078
237.34292889015845 396.4571421340556
982.5709451834091 8.250359494276895
1079.0907025560023 983.0378213788595
1051.418900098858 -57.86272382625878
1201.5776107747743 1100.6907243985802
339.59657979846696 487.2131961046809
339.90701252425765 472.7961932462989
1203.1450875602172 14.970955350105921
1054.205050805967 1043.6500278368353
1074.5067398540843 925.4911736203898
1011.8163621098703 -105.46390871234469
169.88206596982965 457.77793187199296
1173.0981217313627 22.300705452853265
1110.3554321640781 16.25121113316956
277.3258705166428 492.50096550865777
1247.578955247198 16.45573733114904
1011.1979861028758 935.5667082940873
953.4968929309756 1048.9074547094162
1231.66377494176 -23.03598283641379
1096.7596034684243 90.02932235823188
1209.89094852004 -74.49032734725567
229.9906628728389 325.64023331705346
1027.315049733886 -29.643588953677888
1180.787606261098 167.84413008842373
1139.62244023743 100.43076559130328
1124.7477995818003 -90.35128033867869
186.04733247951498 509.18825588847193
179.59143287022192 558.9999680138976
215.57926482044275 637.1151934342394
345.9519678752791 488.457258840225
218.58462462760068 339.48569447465763
350.10623240529867 365.6823299724412
337.806106448173 456.27153062598825
205.01112264343496 576.1499189475877
1146.7405500253026 -22.081830300244857
1020.0817118894932 969.9892400806293
155.24365554790023 449.4363679821642
1020.1556449510002 -57.35170986963458
1219.1306708760756 89.6265792618965
1137.7493027741953 1120.0077329273674
1169.2669332376524 -117.11562526834504
1120.63717660861 1057.119710473612
200.19084524040747 593.4402435591335
1185.989872035132 19.156329905982716
1068.760805639065 1069.8374328434209
329.1969277700491 466.2662498301092
1145.6305561538386 59.394244799985856
143.6572209638215 346.3289638211955
1194.885253526523 137.03757890342308
259.7850895109042 372.3201817061391
112.86079282024237 462.82292044753007
1124.6165380546597 1152.0510890427877
1163.6930313650084 -43.51420906255646
1097.0299976395856 15.047732900656172
1239.288611678367 72.12160151704876
207.59389635851264 338.22647675066816
189.40100995889972 518.6643574873427
1134.9742986990432 1119.183531250785
237.155140928068 486.42920499392653
243.78705432415305 404.17140074308827
138.20499227698147 391.4346832236457
1149.0478339749886 -68.01649854718706
1051.9185378275263 50.40765018050015
1050.406671208968 42.19228584582371
1207.7742915926742 45.535202823571886
1066.1953833650998 939.5705817925312
1170.1884898032406 111.81489676308176
305.582772606718 429.4269664544871
1194.9539696156457 -56.6416245171977
1034.9660049696477 115.73300664335859
1038.823256181246 37.47027216413846
190.17796270571534 539.4734044789219