639.5780902919039 500.84530620455257
306.2851459843493 243.6116160140515
410.39744883607665 158.67582526073718
373.3095741894354 224.13704163301898
396.88180513938414 140.56127778967038
314.11761554602634 468.59772070741815
234.1989597474137 347.471757133237
383.3748652336816 469.14030356852015
452.52446313645106 75.63893224383881
256.27774460199055 351.1952137524406
283.80347642670654 419.9638186967651
370.26906825308225 477.6714494458408
220.5646669717781 315.95510950039676
317.67017081163357 252.89526883364806
558.3594863811583 512.2533572796029
521.9823868198307 514.7284808564349
361.19846238140866 499.9639070772849
288.51878005828553 269.26147740758313
240.0796765936104 379.4237423885612
247.67720933758457 347.7777515017494
702.0953334305676 514.0776454290481
252.7497891715503 361.22848396036693
570.2910927408506 481.1472367914125
323.23281753507814 466.39765582987565
413.7838839605359 139.55680715716372
457.7984690469537 531.4837571412659
507.06619487202136 505.28308280261166
414.97380216399455 141.17807716280282
386.1566835562467 177.64808682158275
222.93365667675573 330.15873851280367
369.4834593734558 505.40621127389574
311.17639201613844 245.08586039370186
318.11963930830734 447.4087687176209
528.9518153777063 498.4217856055704
405.4776089552913 171.06958796534073
336.12258412402554 241.44572527463092
621.4311503129544 468.73524413414174
674.2389583062047 487.9170991305719
232.3702262343069 295.41936795837825
708.6331984417664 523.4827412469779
256.7255728399789 350.57507590412513
373.3407711082965 169.68866658529393
419.2482133905216 134.09869322929774
664.036716309131 497.1657368302644
256.7255728399789 350.57507590412513