265.52230150725006 1114.6485105653196
864.5804340128165 220.87826056408736
1141.814927155312 563.6861764967961
261.2470148841426 1094.2321959466053
720.9507335976355 61.39596010448158
1744.5641912920428 713.04428881494
1834.8246013814396 1509.4793988012827
1112.275860232804 1136.9579733376327
1718.4105629177686 1520.3766675249606
2011.8337093133152 1636.0189914728608
2295.5926830465746 1332.5554479934056
833.3815709727222 1595.4168210203943
362.8425138996783 884.7454114233485
1136.7892588213144 1962.674914459238
84.13274100506007 1085.5392814370173
361.05694292085747 1106.4637066444325
890.61273456526 67.69431764152067
576.4991931158952 1098.2739693965186
2419.4119332987325 2014.4992602563068
103.6087506524364 227.49883193717767
2039.1722508121616 1362.4375739616908
1853.9643038548659 909.1577524577023
261.25499463775986 1817.5286205417533
1135.9324876588514 1548.8757557890726
1068.486549476634 304.2178868401375
-326.2883480554887 1947.0136039925312
545.1170040402191 1098.4227872522333
1215.256405320137 552.7614118357507
1030.0378513914736 892.6330382105049
1940.9996130832162 1123.0433346220773
141.63796016554784 1723.0946381523042
1789.3673267940894 1809.8332841496713
970.8703661703039 1818.582739269577
102.22053429207847 1654.0621341460883
1862.6698344888284 37.74646129031489
765.934151896403 -32.40664580707178
2387.142037610988 1353.9518625018654
2024.0793160493142 2453.545837643372
1354.6805584488516 1888.1724344768302
2016.1253788684887 1422.3772679236888
758.5848027549348 1350.4145919722632
1517.9002665154803 1296.5881863608563
1771.1991667178734 269.09696984759734
1603.6961396265856 993.9377646893116
2036.4091899357652 461.4836293984416
2295.5926830465746 1332.5554479934056