1358.9696243754051 1150.694607183814
1579.9618924738375 641.0320030183907
776.3468051430407 1205.4233507517536
941.7149902721673 223.64056774639633
1823.980549339497 1597.88982890002
2095.4907423622785 1970.9619671787539
1131.7972789847033 765.9253541457699
1175.539898430891 794.4419356437733
1433.0170257070597 962.2957948045223
1206.6362496465208 1165.0040607911417
1269.065199615336 1159.139789977718
1654.3960320954309 1106.616655273046
1598.3322079847474 1128.2100545269595
1124.5738792680586 1172.7125992773917
1541.5647995569022 1033.0599940821594
1154.555349076975 780.7617395460982
1601.3014760485287 1072.0033821362051
821.6779693275863 1201.1651624721374
681.6166330634596 1214.321840691988
998.4833683048934 1698.64087615552
683.4872075226082 1214.1461280584965
1275.4192113239792 1158.5429251348885
1572.3570491217347 1053.134002116878
1666.5629124873305 1114.5484581843666
1164.0381289835193 1169.0055203036839
1589.0012623902344 1129.086558007138
1926.2898718135136 559.9225895523216
1186.6995548091193 801.7171115392396
1307.658457574227 1155.51452771788
1692.313647956362 374.69664443452655
506.17841289813293 1230.8016506934127
1143.8022079986506 773.7515781108234
1450.9481436250483 1398.0113056144894
1586.3176909534773 1062.2351895994675
1628.2379939257219 1125.4008509806279
1203.8058563882466 812.8690098317209
854.9490090465125 1198.0398434133767
1544.135254456765 1133.301051779186
855.7936360129981 1197.9605032791878
566.0422838878509 1225.1783308778636
1422.8705761139104 1144.6920637097157
1182.6985914738334 799.1088133059441
1215.1448286613938 820.2610849068908
1524.7041116426972 1022.0682156494729
1158.1408101895822 1169.5594856434504
1017.358828057869 1182.7838578182723
2466.555275622068 1743.4403342693042
1595.8842761643707 1128.4400012925971
1248.8834817074332 1866.6348221428732
1041.9831341294453 1446.7425028730777
1346.6291558982944 1151.8538105526109
227.9506254294071 1193.2626203524815
805.8214958003751 1865.552257329916
813.8175505470628 1201.90353184178
1279.8579773425224 862.4487225408926
1168.9117199961383 790.1209097676148
1579.566964312295 1129.9727699150944
1276.729318300015 860.4090947889496
2281.83036776493 1891.496583578107
815.140309418204 1201.7792783304665
189.02782959090712 2176.3025939778227
1458.6002671589995 1200.7472185715485
1505.8121374809098 2049.291598990755
-470.86961544657333 793.0532384453331
1601.9748581261986 1072.4423717335424
283.3286519682865 1167.8978890367412
1419.9675348539454 953.7886026397258
957.2532225283022 1188.429884996469
1101.7158492748597 1174.8597710335791
1284.093088819825 496.48969337607537
1523.3117378847587 1021.1605027542084
592.3048695174813 1222.7113517845132
2235.4780298047685 2087.8150636748887
1056.839785627606 717.0592483828696
1495.4790319376762 1137.8715798074913
799.9782299239808 2194.418936382867
903.8692848167292 1193.4445115116353
2170.610895484535 1531.6242462293842
1232.596510592414 831.6381427137602
1237.1111151216278 834.5812926581058
159.13832548140368 -129.02842429879047
1240.754413282023 836.9564226852467
189.8636270693789 1121.6570524346319
1197.7660513023754 1165.837283923756
1047.9800074911318 1179.9074536994656
1580.245578853013 1058.2766731281135
1585.9476176625708 1129.3734024865012
727.3340087541285 1210.0273735887763
634.2037712090024 1468.3810444120652
1299.1105120565708 1156.3174799930498
1518.5585717027411 1018.0618302805632
1524.3694352350635 1021.85003422425
1364.4392402005183 917.588732582159
1496.5168756008245 1137.7740898400045
2233.3499888214624 346.8425353935901
1044.9206409341602 1180.1948356595428
1358.4851233844852 1150.7401188418116
-60.575917676959286 1507.5556655867501
822.9043824352742 1502.2292244237738
480.8804076331784 1955.2670461806802
1453.7566011068275 1141.7907812918775
1596.8761590907584 1314.5623733735085
1569.6086886971218 1130.908201715105
1506.9955411293554 1010.5236876662299
1142.445169029117 1171.0338575558608
1602.65875786946 1426.6721687669694
-431.15882223236605 1941.5286367285976
494.91652588977183 106.23276702289293
1204.8178061992176 813.5287176777941
1291.5635737038967 1157.0264025415536
864.752987388506 1197.1189055460072
1388.5107046173898 1601.8873096669115
14.417996332643947 1969.522317243836
558.4318248803058 1225.89322024661
1672.2208743342453 1118.2369828352198
1022.7315586802737 1070.7411773884526
1947.238188320427 1261.1085689018657
1404.9617729419276 944.0060830302152
729.6162719894237 1209.8129889213108
2376.123503534825 1938.771960117529
803.7571742934778 1757.2315482923027
1493.2921326428495 1001.5901951170102
1460.9190411145955 1141.1179766409673
1733.6156513382239 1750.5160939581172
1433.0142154363602 1143.739219747896
1421.9958635407556 1144.7742299389324
892.5144805774344 1194.511126393447
1410.556448954609 1145.8487927037027
960.7104233655523 1188.1051324261284
1285.8396418171626 1595.267405713955
528.2430798679422 1228.7290035868446
1200.6078757484163 1165.5703368076488
1084.432493442439 735.0474189843184
1286.345314759224 1157.5165803139078
231.98021020120206 1043.3526557746325
1637.8437021222587 1006.6619958435768
1590.806047871835 1065.1612282655317
1136.9876759657855 1171.5465078135016
1984.2771943015618 182.53798326492682
1270.9471444368694 856.6395941442325
1428.095820509104 936.1650403804682
616.7942030298777 2005.3982556028943
1596.9503221285904 1128.339862138617
1495.5359518582256 1003.0529802527011
1031.9755418107711 700.849811358613
1294.1731437561593 1220.4238818891802
911.7840469006572 1192.7010373973474
646.3920273680347 1217.6306682022573
1097.6694180707295 743.6768025174638
-112.84688045296404 359.23250951747457
1497.0170390248227 1137.7271069294998
1599.026715648542 1128.1448158672588
785.4756260849819 1204.5658338747671
1564.8791869790286 1131.3524680194607
236.52976121287548 183.73626003912685
1517.7403178416992 1135.7804632780376
465.5494570072562 1696.2077953733267
1350.2533849981594 336.7277626509727
950.9040626430801 1189.0262940826904
1039.734520754397 1180.681994473207
1010.3317147737766 1183.443950537357
1147.006957479277 775.8408105551081
-4.898902029150041 999.7106369735202
804.133077039035 842.5554161998085
1528.257381386451 1024.3846545713989
970.6513033614809 1187.1713346856732
789.2197221710175 1204.2141317652338
1606.119109914901 1075.144082224981
1052.8639919710092 714.4673587049534
1565.8879708657014 1131.2577077855208
1130.020121020072 764.7667936714577
1181.3880284593304 703.2481154734699
1451.8132855726299 607.9759046492509
210.26146752947943 543.8710567561127
1507.3524004890205 1136.756253525575
1931.6800851657108 796.8291957083163
1019.7335891706723 1182.5607843517216
729.8748187490979 1209.7887023008018
1138.305885888322 770.1684292417606
684.9474594540832 1214.0089591202673
1107.7898205132483 1174.289211825509
1132.923617414714 1171.9282656351052
2457.759832566251 1754.760300269795
1535.9396715683713 1029.3928743999702
1203.1956530036612 812.4712075334772
184.83400402008422 1862.3498414652795
1846.0052015078647 1603.4765079906854
861.0116410689376 412.7060664767281
1156.597714848457 782.0931936452943
1506.1089729203093 1136.8730550415933
1180.093706084884 797.4106427933547
1061.963742248248 720.3996456525056
-298.7637666679873 660.3450264535796
1451.1842056050343 974.1392982962786
1332.2340391187042 896.5935966498233
1047.4601579432247 1179.9562858283525
1615.1622839543945 2027.3903266902907
356.05252282583166 1353.8367551340245
1301.3279168906463 1156.1091878071888
719.1573357780962 630.5437717108031
1459.4419559812695 750.3429893700666
1585.6973531067779 1061.8307804674662
1472.687555582885 988.1577096279963
732.9106597655331 1209.5035302151628
1486.84899484884 239.5508938362241
2529.801798299629 1447.2163575067505
1224.094922201706 826.095808000487
1340.6910351910767 760.779897879262
1126.8182625876632 1172.5017728642954
979.6669150555679 1186.3244521328
2292.4063401021103 422.26650289985116
1678.0336449096685 1092.1800500959998
1927.290475261656 1595.5185324902993
1718.2632255303724 1388.3896499554112
1898.1290067699754 1571.8289693917282
585.8111496717692 1223.3213401277544
1240.6019034949563 1161.8134930718106
928.9836563730087 1191.0853900433335
930.5213403698215 1190.9409475148705
829.3646795694739 1200.443110434657
1431.7817676817303 961.4905084134386
1141.667630498328 1171.1068957298924
1238.3066419289225 -26.734944908985927
839.8258699552568 1199.4604372760718
616.1754108758313 1220.4690696532534
1121.8742173017595 897.1260658161531
1208.8612371833303 1164.7950563232007
1217.6449480578078 1163.9699574012986
253.05800273736614 1981.341310162734
542.6758543774932 1227.373259202943
1386.534010007233 1148.1053433529883
1650.5950818442561 1123.3007352775878
445.2762823534386 1915.3429718263842
1490.006273890632 999.4480861147405
523.4143997064483 95.88373312749368
1338.4517614347935 900.6470389768618
876.2436747589871 1196.0395264661645
614.2335550520547 1220.6514781101782
1385.8177027376257 931.5257275989163
1094.4025669959353 969.6683212774087
960.9394036381107 1188.0836231370904
631.8883947714546 1929.7015768402373
489.312872977559 1232.3859171844922
1391.9169746502723 1147.5996939313395
-370.5685660220834 2231.5795489205366
1114.734863660616 1173.6368283744432
1217.7326838570366 1163.961715928601
1583.0927598272497 1060.132800386136
2051.6459319760147 666.9536403843875
1165.3847047118315 787.821586588687
1255.9941314231492 1160.3676223173297
-271.7378992945255 1474.9455110113793
1609.2800092247057 1077.2047279731382
1649.2095904689816 1123.430881574111
1427.7202654151724 2218.8437697999407
917.1088772615481 1192.2008488263816
1313.457317954957 1154.9698110808258
502.2385518146756 1231.1717420111781
1580.4151317839896 1058.3872076602388
527.2595796313516 1228.8213887981176
1569.0918993178755 1051.0053936415786
1644.367544029509 13.09416677325802
1333.4132723298999 897.3623594810842
298.78772756288214 1523.5055150432233
1000.0228594816126 1184.412314080871
1292.4771985125171 1156.940581086887
974.8387461698007 1186.7779867492434
784.6611788999012 1170.7671823824114
1133.256038408813 766.8763450221801
1218.2491865499894 1163.9131981869307
1181.0532459029164 798.0361836449987
1356.9922525027096 76.1409989855914
1273.1427787574798 1158.7567620977898
1674.1979439506931 1121.0835976285773
787.3025748046697 1204.3942192302818
1215.4916687026273 820.487196018384
1780.054474819619 882.863971882754
-170.24819706636512 266.60187358886935
85.48740281984402 1680.790337287046
1121.512575370999 1173.0001632217397
984.515754325998 1185.8689758413234
1595.1509905227394 1067.9937726530732
1547.644804380671 1132.971381791187
1254.591164349985 845.9768436040839
1374.8840346458794 924.3978774345253
1560.6467372779769 1045.499844256936
1448.2764869232776 1142.3055564671265
831.9244401317388 2013.44663939537
1621.7699057958548 1085.3471108021079
2287.5693032595777 329.4550001782854
1000.3731608004222 761.2306617829423
1062.9078635962703 1080.7290907298648
1445.3670878050505 1142.5788512180739
1210.776178619706 817.4130852551252
1261.5231342417324 1159.848254782355
1063.3867919796724 1635.0687270937308
1604.0513237208038 1073.7960561060388
638.5930465198429 1218.3632663924454
1149.9260561749888 1170.3311395352955
1096.1591240152118 1175.3817426793403
1528.7405498201147 1134.7471551835695
1552.9087592323451 1132.4769115683932
1135.7232788023848 768.4847823459896
2188.996688256857 201.35751657082747
1405.4203201754447 1146.331255569227
1494.6913043023167 1002.5023396836148
894.8560544991503 1194.291170369624
568.6448316758979 1224.9338602429802
1971.4012947439996 723.4021070270996
1265.819830379621 -64.41131565101615
1173.664676968422 793.2194458537622
856.4950636620744 1197.8946145898497
1610.6752326661963 1078.1142986271345
1642.3063069472612 1098.7351512195369
668.1793682525855 1215.584071754372
1315.7882729350777 885.8723129770558
1567.4936255270184 2191.8731056763713
1195.414047242649 807.3982421354581
1054.7597434335414 715.7032323624001
521.409018557145 1229.3709619459403
1088.21982616176 1751.3067310625388
515.7899542275436 1229.898789419625
1621.473736326605 1085.1540327259886
2380.0369869840015 462.32153797249543
1040.2152742375506 706.2214375722433
1623.470464159336 1269.2594799557505
1267.935325943868 1159.2459247949423
1297.9789448657061 1156.4237738912195
2285.998330834699 1529.053383969454
1127.1692982417708 1172.4687982885275
1109.6722511992666 1174.1123854759417
1294.2459415860922 1314.1708582550311
1097.1708205082973 1175.286708849372
1525.8793857009175 1022.8343974394077
1236.3174663242587 834.0638990749709
140.1568687517034 1421.9713824313146
778.4135769355445 1205.2292082985032
450.70337122717564 841.2227913190065
1018.7516087855355 1182.6530267955684
841.7060908762129 1199.2838185010473
1329.571906300589 894.8581055332093
1186.225065874108 145.55648802520523
-148.77662430518453 1364.3508369091835
1086.8615038831697 736.6309335307624
1634.2998002195957 1093.515568933326
913.1428866726832 1192.5733946223338
1264.6086756264517 1159.5584140867313
962.2806566220993 791.90120546296
1437.6586367333834 1485.5194185908551
1271.5050194818527 1158.9106052094273
1802.483593376854 1809.8639224665935
874.0462003024197 1196.2459464896524
719.5423046774256 1210.7592882345725
-0.8281925505999186 692.7106716949892
1838.1404697651656 -142.72391179059017
1433.4542408575942 1143.6978859078074
1088.2639063550234 737.5451843206772
1170.8279929661055 1168.3677136258514
1578.0111048781232 1056.8199803187472
1431.522980087769 1143.8792991170837
526.6534545469734 1228.8783252297474
1167.7092811922632 194.56370118289044
846.8974487581941 2048.329612018208
1310.5233010700917 1075.499149842229
1170.834660593277 791.3745084992037
1188.760547605129 1166.6832169807485
1409.7817107055223 947.1482850700347
1174.6194304347123 793.8418663986832
1205.4437011586137 1165.1160829746755
1078.3625664752205 1177.0534644208292
1440.4819751207554 967.1623263709735
2009.6037671732208 2072.040251452182
1021.1016849517456 1182.432272112401
967.7022317678334 1187.4483560753004
1306.5438336270092 879.8457007103582
1578.8479142454717 1057.3655110351149
1860.0766927867971 2206.698484797081
1103.9208944044447 950.1028757134569
871.4161876422224 455.8371541617059
1238.9316301220006 835.7681183451302
2524.774579310441 762.3956632819888
1568.1147041121267 1050.3683429327507
942.7186466660439 1189.7951921025008
1119.6384728325652 757.9988149730893
1096.3016100523844 742.7851044590806
1195.1728682682237 1166.0808748793727
1382.08942641154 1148.5228458397523
1527.4522002626798 1023.8597428622378
285.23047613649464 556.7363167354757
377.40333315802127 1750.3358094581201
1139.3079726245578 770.8217071762721
1409.0594114765881 946.6774055230705
390.21709181843755 2076.977596404581
1438.81056702008 966.0727060893631
417.4315691689348 1313.6191574507548
1554.264900464085 1132.3495222810811
1545.9452702727883 1035.915699838941
1103.2582583803796 1174.71488465147
1932.214516061751 164.31425989656276
1467.5903058864328 1140.4913105940507
1925.6401548665667 859.134145344039
1021.1293439186267 1344.7247157154716
1449.0962561599538 1142.2285513467332
1859.0040279336838 452.9624990459223
1469.587199706432 1140.3037321364284
1386.376789020845 931.890205761443
1652.4372539669175 1105.3396934256427
1386.690849895377 1218.4527133748904
799.2173099502332 1203.2750071724354
1032.3759612589915 1181.3732216314293
1062.6278588051787 720.8325948942213
512.2250039893614 806.3214560849259
1563.775052777794 1047.5392480473688
602.1106667222938 1221.7902430620495
770.5628849515786 1205.9666639803584
-218.03724263052203 59.1298480758304
1036.8276207407353 704.0129667890116
1511.8502532686368 1013.6885597320073
1029.73125267311 105.0003474857164
-25.969668670835436 576.9415747379086
1378.839524028641 926.9765303998964
894.6336723764123 128.4069075588773
1468.2090594399815 985.2380993745521
1019.5826473760065 1182.5749630870907
936.8427932925489 1190.3471410854543
1675.3823593838213 1120.2980104374158
788.5318095708582 1613.6371656799968
2048.991483293363 664.2313581493323
680.5947402782786 1214.4178323118626
1265.525034571043 1003.6894231118
832.4315910575082 1200.155019740586
1112.5718783625746 753.3919779873725
1232.374321877708 831.4932939902253
1445.6927296943372 970.559308749828
1552.1230841271336 1039.9431251391943
970.6533720720117 239.88626725416037
1544.1837459122748 392.75349087397126
835.1006516536481 1199.9043012171924
199.62820454640968 639.9153758629252
1026.0000439081016 1181.972144183359
1025.921970984251 1181.979477972713
944.6486995571482 1189.6138923554552
1511.3853811246215 1136.377415011644
917.2463828800484 1192.1879322198129
1056.7608540833153 717.0077915235405
1176.4530445361793 795.0372316196593
1548.4843448775023 793.6820182371981
1546.1646444919481 1036.0587137434222
1515.9398654027004 1016.3546496734135
-95.95788406561135 739.0952809489726
1427.7167858830442 1144.2368344207553
1418.5673186893332 1145.0962907058483
1240.9103152968828 1289.4380781464345
572.1544886308761 1224.6041802010047
825.0830829656369 1535.4175243883717
1499.813236758932 1005.8414173651885
1825.1791881772656 502.29508953631563
1625.6363632859034 1125.645235463084
1202.525055349065 1165.3902463146676
1150.578757897676 778.1693299491324
1143.3208689419666 1170.951598580773
1547.961416294898 1037.2300608232458
2013.0111391521898 1288.008651632062
1001.1130755329788 1184.3099045068905
1241.3166415503233 837.3229491630035
1642.2829918315165 1716.9891827200981
1540.3201942359915 1032.248614024999
1056.839785627606 717.0592483828696