479.13264133143684 954.3922724214202
1019.6485537488429 1423.7505386009598
64.17886342717902 938.4285229479731
1421.160979988002 1206.892166034722
712.2476318733243 1326.0167840681756
518.6456752349568 233.20724842664532
1263.796203277486 1214.881750618961
939.8712356542885 208.842967303182
599.7824550087408 1344.3679248592557
1114.7150163862107 1670.5434711176117
-150.6272729717218 424.422008393038
83.52421084762335 465.1382459122078
459.1622275373021 982.8979710638777
908.8214810123242 1273.3659322314888
1187.7952752665626 1420.9756921815642
855.3986557069476 1355.3217874427341
265.3832057944545 1228.2110810818488
437.00417317109293 15.360478560577473
1466.0411179526402 1142.9537869144494
588.8290385523014 993.6600344398165
920.9731453517318 320.93425399904095
783.2627612228331 468.38190244436214
1457.307192062066 393.02273382992144
1070.1230258423948 1243.0057609027576
-22.11393146478134 879.3078381972186
456.3723599139702 786.1189272272013
-860.3305145108113 726.0532557909843
364.60003367832235 639.0867429725845
357.4376792278091 -262.0193809235939
1228.4411248108695 280.3670692501122
469.1964495167408 409.4450474038384
506.24149512839045 866.6952060706443
411.2796680293636 460.6271381257489
990.2124689515917 618.916036747481
1321.1480432200133 858.4964454142574
777.0671910128618 1360.446624063928
70.42611179332442 -63.23088808374287
492.01975314374715 455.14505678135663
1230.9365415138552 -125.02025420938243
863.350620522911 983.3180094869437
1444.5514110111033 948.3313738588595
1334.7334225689751 1311.1780988761109
535.86278515033 229.6291755706119
924.9803989334067 297.86796164248835
1137.956664969707 1560.023190327284
591.571370752892 926.4956088509016
704.5620390604166 1499.9381110673567
400.0722806539136 -25.783562115308385
1208.0182458770735 -104.95531581921071
1178.0188291760119 983.3048663059602
1902.03234340002 184.2893970732784
885.2654507654064 706.8646137305051
908.8108681283012 1002.970910690494
1418.176272065483 368.7937409414765
1540.3273039001108 716.2588154166115
2191.010007712774 1327.0170771091223
1975.8022527357637 -64.30310946820534
664.3222018605294 899.7567109990491
379.53008907551543 1158.1989664606763
-480.82904984064135 1693.5319302595183
228.06310014425836 836.2029500188003
1103.3151442020323 1352.1455875581667
1446.6850596745112 215.5295191504004
845.4800513643777 763.6108689693795
-449.6497323020836 482.87669225782395
1610.3678207875844 164.83179190033468
1224.261466966359 742.342321414624
260.97564136132024 520.112738881794
1390.5695764515926 709.5893272172846
-28.862056900262253 170.43506586137715
109.7471979716637 858.9313170465875
123.90877429149349 1088.4561621404005
271.99549818927 1285.139143472314
1170.6642348987045 212.0241654232888
46.751621847944946 583.8350962067198
951.2519008676286 233.56704248634946
291.03208185232234 147.64599179725158
658.0768969705773 272.53189630128566
913.3091573015182 170.43467572609487
897.6501975991625 656.5475625348762
1335.655357207262 1671.938032473076
582.3959349141874 153.93713890837304
1213.2396939979167 1955.5880343477174
-245.11626852259033 1857.965119385365
404.8613203123534 483.49341885851936
294.8717097055826 69.70666840408045
-637.1097005908509 -107.80140516504163
1994.4005413915 1954.006510141111
1170.259590405522 910.0748837966701
1431.269344491735 1566.3723639215484
744.2835970667502 300.8363190048841
1333.421097945047 284.10925467868657
141.5628947465694 157.08468374467319
-187.75605641978413 528.4381965509792
-85.58286804935967 490.0053552868317
992.9686760343349 897.5958149344768
522.7837253758087 572.7279619999337
-700.2396118173507 553.872901222846
666.8155462642893 -219.37680075807367
733.1574577657303 1603.8034493706148
1197.527566072442 470.16650836498275
1167.3253807582553 754.1672532720827
1240.1393441321172 1583.4567473977222
1484.6432626698381 -22.05088169215622
946.5571554164108 190.67933027451176
704.4858489909019 404.9313707255086
1288.2996643665272 722.6222155012974
418.0228778997571 787.0572789343469
348.07353905837317 1105.830043358302
363.8014682097238 1028.0840913028292
399.0388311811149 595.043281349508
527.3309556701279 1439.0184621538403
266.93911342007686 798.1097251629427
-568.6249624377981 -36.874449919288686
287.6847273804636 1278.0083293571558
474.1424583060065 1032.0058019919547
1323.8564488229258 243.70704750588555
222.0599565647095 1537.6022016837076
858.290118984879 920.3119579909766
2223.7295913823737 -364.50330794034574
867.0048811044493 853.609377702389
1036.8359460048493 -359.4655046396502
1315.3945514662398 716.5425817686203
1136.3780479523377 114.6724728749178
106.93055840668427 294.99888551104755
55.51442638317767 649.2296409866955
320.3410220097919 324.31787472880444
1018.8514278831419 1128.1456430492372
363.78031921178024 1358.5465309548742
421.8935444953391 1280.1360285572596
-389.1436452264077 -891.587868845339
386.54934230691987 1423.0456930805733
265.6134444771497 806.5431200036896
1046.554156179187 808.9501679292724
-774.2443498869849 2127.432024310146
60.43141403674186 818.3353309931891
2192.938801991405 -789.6694463546742
1524.3466929223011 112.95553243839036
1000.98598688576 1353.8171633450074
842.7737009662221 -421.65990621340643
372.91791740200404 1045.4597418769363
1000.0628001717439 536.7105692691352
30.443263276679044 556.7584024622711
1143.449118873522 1022.1989634680976
333.1859579054867 1138.8212437501693
629.2817788119545 1283.3712291754655
877.1051528624131 384.88601931327685
-799.6957365292141 987.3598331689797
544.5083791420784 1461.616687050608
537.0512828582655 553.6685511944428
242.99008774580906 482.22599620441594
932.3518697074911 1570.8372265267017
964.1892246965274 521.3874291644311
916.8343336937219 1313.5890149074933
1327.9271830063165 1200.8644574780674
954.3943911893911 548.3048495044385
520.9290406941986 1690.4524218366817
55.697800246892506 1188.3984530637535
421.81596674266024 1520.090561899313
-205.07284822413277 152.0063886634809
1198.1607943750248 1238.4574974715479
1206.632129209532 917.2149170989201
1770.864650199906 2156.249970810763
375.2766694158919 1430.388474944697
1302.1997788836718 317.4304354923657
1171.7357426073993 2088.087157263043
388.80947453688384 1308.741249180791
369.73174170622264 1634.5262539019172
402.63181332177555 738.438478998061
1330.3633951271124 438.8268430402196
62.48625769814652 1094.7299625744517
1263.530854575609 639.8991966089543
1792.535759900048 242.83884073963938
992.2089593712909 -45.179451493640435
1245.2600146677926 495.42309891247646
1854.8855061137303 1675.9499443773868
21.686130688683036 651.0601648702477
460.9270671458348 1248.004235335338
-440.8907958025157 1833.981249142636
156.84553942811564 1299.4409944366162
1328.0055423372912 1210.9930994875328
-40.751276227187816 1124.0203990762236
18.20702247315815 1019.0906678233273
1089.4572375024457 686.6847451322919
1268.9667882601025 1336.7669070226887
453.6822383494596 801.0563859301313
-169.68696492765514 434.02937206195867
556.8104898236737 1037.156185511476
2363.642741047887 1457.3583398691121
523.8994722347211 827.0551428480915
468.70394877344023 1517.510271575141
598.3826675597954 131.54805111587075
1967.370982558247 930.7771924838496
1301.8329228568823 1037.6759836475123
610.7267664949915 1230.1905144092602
500.3225218690014 775.1031601874557
258.82774840412463 1156.2047781439612
364.2394369323655 637.8814568401532
1183.343738442807 965.9158167281697
1280.2183047790436 1678.5989162576773
1139.798487219616 71.14057897453054
788.2854041424768 1058.6326339152288
865.3481809272334 29.09011764008331
875.0109095550343 1559.319607041055
665.1576336094118 908.4589072815802
541.7192755329315 1217.6254083033793
1176.6859514057126 827.2102885674478
692.3207633260744 846.171895942706
548.1228861069737 116.27097045844833
1070.4677012595348 1129.5941963615362
177.91014816328018 215.3631962951883
291.8912090379121 962.23616511959
267.6983409184477 1360.4849430660172
2166.215909783174 -687.2740731171425
-77.77958109761137 794.6130760373095
1101.5134741213253 702.8204402423296
-69.46065213327806 454.24656844742657
974.9935980340126 652.8579171808158
1271.725756298455 146.69416727249987
1524.2185186757122 2079.330521284573
210.51403373673423 382.82909473535386
1167.5773448993486 452.5139248553328
-235.38761115217267 2059.4916848781622
11.367526593096585 1613.0840221566602
1391.2978778104361 666.4114852407907
173.40693886501188 697.792656323736
393.09947457837984 1185.7083555999648
271.25812574181566 371.3957274712828
179.95233823717967 877.7592261828332
1269.4244729996049 516.9113823188158
1122.5978292813859 1051.7487075070899
1306.1009447785643 1396.9393779855955
-124.04258848681386 768.234148442133
673.8671102036714 174.9616446227754
1453.0023045372889 -185.6479676775416
944.0713513200315 62.21802405647541
428.9841464641434 693.1628006562571
-295.00130002490687 243.09967417556376
1400.5526491995413 861.6665399685647
-560.6581939239026 146.920872545524
129.77534123216137 -785.5819149315663
1185.2027087828696 -63.921496142333794
-465.77598513992865 -292.7191466575559
663.5492887661455 488.46697455490335
380.96411946124806 1729.8140129704548
872.1834315671799 1430.9418480737825
917.6569066129432 1388.3118511768355
1970.7232821639031 169.73195769497968
1537.211860020517 710.2147671597262
1200.5675388935497 833.8458238528767
796.1854412230858 666.0867601915975
484.48675154472704 531.4933672398577
727.6786518550102 -220.5729188585045
1622.6694077999439 396.2942071766794
895.1573720676063 -707.719151905159
647.8241259513031 756.7792536676644
634.8056341703365 -814.6900781795231
1131.3219938536372 1237.042583336229
709.8322071258718 1026.3491498036271
908.3383649291873 779.0270902089208
1114.6109910591483 1284.4897892233125
2014.032390276643 -110.69170081405409
764.5768858384835 1663.47976721464
1542.0689495633644 -358.2997558172004
1440.4363595196428 643.5580936505214
973.938093034603 1470.7893322041139
-9.488680137472667 1541.1916784869686
509.5396419466131 188.5329167416435
789.3068911153244 383.4636290763333
512.8356320222931 2282.2054246045377
-467.11023870059967 308.2370158080334
615.9020959553427 1612.618887137875
1552.665108520441 718.6881449090898
-147.7220033674993 -776.0981894616658
1456.3910543457068 344.71432010280176
738.050011230497 1371.4505701882954
-79.7870239381346 721.419856631373
705.9580822684275 1393.4008588065033
1255.59324459676 341.16153482891394
-183.8480464491379 -456.916832827366
868.5265658717768 7.22573386927115
1617.9578467061192 133.2604557640331
132.7062958523402 -59.292503583145574
954.801822085944 415.2251176688456
625.5834811454979 -455.6180501272054
1162.5545725809914 1192.6384062779289
872.0130026945754 443.5562076775916
1212.6062808770569 1371.3532686663398
266.79832000592694 635.2605986737932
971.9276816753276 -13.965197048997544
205.23675768120006 218.6275106870843
1061.4821697002883 919.1213130520981
-987.9176859559186 2142.0580989943464
408.6036797236955 479.9709553676296
264.7182159495908 1600.291710921621
-45.2110042667304 -598.0534971257714
647.1663350419982 -108.56220447210062
362.30529092505384 213.27637827288808
485.0508575651256 1257.024311773103
1057.5768402046772 219.96247058221078
1297.3427129904553 543.6925432166438
1614.711274699586 612.3922487094362
70.49391291939763 1179.2403365765265
548.1302304024373 651.6781333595333
1410.804348080626 368.7974688803938
1527.5315572990282 381.4699748609351
-440.87548926647656 525.9893968499192
-156.75766675526705 1098.6530747763377
1883.843874361662 1354.3817376442184
451.38006110499447 1358.7725335101886
602.9373869152062 19.24520653288655
738.2375318908996 716.8174618988512
855.4044706658601 1666.17800637465
169.20279669789517 464.282729614481
686.3258264408511 882.7767294717206
522.8650184704453 2296.78775751463
-733.1899002260474 317.925000511768
300.3368284295609 -418.39483088699353
1208.5380258482714 297.1928494077653
155.91539237805992 592.9126478078942
1266.634732630365 7.742283182274361
537.2042581930895 1367.768819543407
775.902819637871 469.8591137779977
206.7502295641285 1054.2511134860658
417.1701145592963 1054.8180034577147
721.629443935915 1115.1103245338622
461.3637009473967 894.7900449297475
-118.27279947695071 1309.8625231533827
256.29099057283116 829.7223289011789
491.7579894674282 1484.321096510147
-312.2899356623731 1136.0576424526314
131.5596318512347 99.38205409020092
79.759468478096 1036.6972369454363
1485.9768406002504 1191.6545100679832
457.1860755396082 105.4299751585823
1238.2569300301427 648.2730982264152
79.96379542432082 1759.8806022150454
555.974860451284 1929.4736497025742
255.63705707420377 -10.850172838846204
-842.4512816866494 565.0988305015588
272.5969626530894 947.435429433991
1023.7107257764542 106.71241121231435
857.7411863710086 303.45624400046256
1108.0315018760973 1084.8914872321807
1551.6656343096483 143.99580440432933
788.2436988431567 765.419453971945
1342.6106115144953 855.7983354007669
431.7899522467939 891.7390162386657
-43.760208745317726 920.1317998010957
-138.38022246826256 1012.940436132418
824.5468817345286 674.6834281421558
542.9923931989516 325.6791259404985
473.87728252091614 18.44426621939093
1174.2003501999955 1639.1657140515365
1284.0884582116607 967.6561443710895
674.4452374789539 1180.341179514685
585.0342073554315 126.67115134989233
463.86018997276693 -72.59018710448419
1619.8794169935486 1074.1411247771136
650.71050281396 -717.5994173527449
746.7820309299185 1754.0589009784983
741.6302028653613 632.9464339892786
1738.1198797478573 -664.9274007190787
2247.23149925468 -383.7513363714637
1839.8924714816676 276.8010239808138
968.0130356737568 1049.1357480592342
446.6321471636774 727.0606016532194
457.51117552911984 950.6251916906629
884.0640132391326 844.0754780948174
944.5192324117845 1255.3709360656194
-776.7933751109357 1283.4367785843503
1296.0893895040758 1087.8139504140095
-25.80467970872685 457.23741081883395
-527.0558054479567 2078.3263770213557
2302.855360925774 389.6945902309973
-109.42528745206991 -334.20008230312703
1338.9333975488996 632.148713719553
936.5484511121832 -150.04780167081026
398.35378412737964 645.5850547640157
829.6007563687957 1395.7989086144025
596.9126898440476 1121.3335997692495
845.3916271940416 1279.2604462929087
471.3196982308126 1216.470611745481
1190.3042056271868 247.3159207217832
328.8855843473886 2174.30030934408
142.89132706880352 1314.7330507619822
770.2220673851044 327.8636781511353
962.5620125787284 757.1157178617389
1072.3039148408175 927.5657237137283
507.3175510876003 1337.3251347151108
-251.30372774274514 2094.797434097582
1668.15650340692 1820.2246482402907
559.5010704691238 1292.4276128634465
920.4944373948913 1398.2035477264064
442.0182839073808 919.5936284260546
1934.278343844472 659.0173078614549
1015.2587336306738 1131.3297627444188
845.3127190442741 829.6927927157726
-306.31991662421643 1271.8710582465587
-15.496255866097504 142.48354667110166
1040.6192432735247 1453.8282941348853
658.0547510647713 1172.8596235027271
1707.499610223628 501.3664462394033
1228.5638905310395 419.91929302667324
117.53498259689239 389.5393707619351
481.3902750797718 745.7901024860685
911.0303420776329 728.5817104234892
1984.9880278454957 917.7213449183571
1250.7162805109215 1082.7080512905904
445.66662626228043 281.96886179057026
1301.8278197894087 418.59227489954367
978.6390290898299 1044.6592376067535
673.0974511854581 895.3080516835357
318.5144730551173 958.3504404428077
345.7919440344991 459.8291581178378
1214.9358793476174 272.00547863313545
1363.1597687681742 851.5105153385713
-40.48106093249479 -288.05396334544787
219.04996234388145 429.1202131787762
66.58527889240997 589.813458502367
1498.31387264868 1460.5935745438771
-97.91315790226567 -716.2836375615797
147.7111685053631 343.87579761536534
738.8165360832783 356.73727345624906
741.1355206056029 1790.759845928388
1387.511099342957 1259.7047856565093
1269.5365365400994 -741.0081424629918
1133.8134343408606 1361.289522466859
17.406710395985154 358.14279692497115
864.6854687762041 265.35130863852226
697.4857558172947 357.2553345579052
1917.1777074436106 241.70807790550194
1228.712666941506 974.5928726476635
259.0441840664201 348.77799466219017
1126.9265279931494 1428.5064622387856
-45.81159818190233 643.152078387575
-670.3812729028093 459.43252635971703
2267.0347821956307 259.59905695466
195.20686918280234 535.134443000908
1335.5337282974806 271.8435534008075
997.8646728891856 1014.3311166604939
714.481653804181 1168.3658747332283
-420.2636742583965 -331.8532418716602
-197.784534339021 -679.4214102498281
331.6145018124146 86.63352288173205
76.02315990651148 463.0300562549121
-402.82188021381285 -653.2861876758199
1597.2507565193962 671.4260953009725
1155.184718478776 1547.7907536896257
-124.14973470834802 663.5085556013327
610.5804493975496 310.91038797530257
672.5389116033843 603.4952807261192
-62.100735844345216 860.9006354298284
1177.209920650082 1294.4521945073225
967.2844754602274 440.36506633878105
730.9337298692778 -202.2644525453653
966.639101096741 1259.3618721977768
441.89710922801135 250.05185588828505
45.37954691428135 -727.7282589038102
1014.4355264621341 350.240476846024
1156.8040326039722 -164.67632717735003
310.3616061775459 110.07575289281462
796.3436871939159 1040.3183161009113
329.6292597976094 1011.3055681815438
1183.7451539898068 75.21358069317796
249.2842030484048 692.3884202956332
844.0108636870012 168.2865034758831
1662.4601945398367 -285.93916233194125
540.3970826223713 -262.20486389382137
792.1468497028521 849.913459015163
1049.9270984383336 1440.8052128014804
421.47267699416255 81.92331986437418
346.2175212589257 282.5521857619832
823.4679854726262 984.2749931485189
289.64989448980384 634.5777952422872
807.5111355837972 671.3839698555245
1391.3023619025148 1132.5371817817959
55.8858577011933 -11.850954708443517
1084.530792067844 1307.7143094292653
219.32466091535812 994.5465182141087
708.0830946527045 418.9302075093
-3.700232527390038 -770.521407955887
582.3185270427443 1549.968049596933
2166.326627558004 19.760048083578987
707.8760928249363 261.45548764586437
-274.6193603778496 1400.0672816615267
2038.1987902718881 287.63482849273385
1265.8254297032183 265.4471620128129
1822.7642756088903 827.3080808684857
1408.7779963834375 1021.0074388889717
801.9631344888375 -334.5314299746155
1135.2703920215856 1126.9764227510616
1190.5390397973356 49.1093650077895
279.3266667537553 1235.7306080079295
-384.6814809307189 1528.1308259599396
103.12554486762265 319.6998968966452
89.61494717858605 1360.2367090316432
270.70366545052326 1060.0271308614253
1275.8793007271154 1121.2967869078889
528.5419253436125 1135.244868699192
779.0863752274495 1152.591512811968
930.783006692777 464.38303969459906
673.4442566161734 929.0185414000223
-102.96070213336208 1674.1298330762443
2184.4612935921864 2112.26681942785
-294.8710345946294 1361.6737156114207
95.52430607806724 866.5892378660826
749.7834230400935 -10.540962593644839
114.1317391769435 565.2862047582396
-21.21818165456325 1612.6159791615614
1129.905015388977 1109.5913653973448
2546.219994977584 1531.6431623690175
770.8394132814168 89.31238487699946
1326.3316081930532 349.9425331139997
782.6744239097867 1192.459156871666
481.9719356629595 1466.500270096964
-3.295378387909805 1250.4252683846405
53.366104871702156 1398.2690050795543
30.259914793705182 904.378040778228
591.6773751135298 807.3968936034979
817.802744292565 372.12777182093936
153.20617178374613 2261.4930203295185
185.62101777349824 789.6792833951941
1606.0965289768214 787.8616316525319
1277.3768088320578 1798.8899915416744
1292.319226715281 606.0601943237394
745.2594828516266 40.16477166291447
-416.775237494453 -540.2724842098822
-334.97476004386465 322.92448472100904
1580.729391022719 -46.99096488559204
651.1513147142443 957.8907032464338
226.532115194663 647.5797437703071
1152.7564764116491 754.4992053903601
1373.480961666168 1178.5331574175516
108.20636523897782 1418.4573931184448
747.4339337358251 247.88019617289982
205.35554215523285 -76.6521253809917
689.6384433883106 -92.83205467008888
-131.33707563401776 922.3868807909826
774.508950074187 1538.8112108062037
-770.0234544664715 -581.6841229766057
671.6656795592493 1339.740687222331
-488.4947503416714 1131.9428171268585
578.248949984243 -73.2247895258747
791.4813026589754 1203.7427475187246
437.35627036446357 314.06494037793436
-687.8284495083004 1877.755899427339
32.6871526884187 -119.22460470575194
1268.8184716024998 756.967796652126
187.37913407325317 1012.0862979769004
1164.2479790555028 709.9070258789541
-42.08196450095458 858.3405257268142
1459.7213154893639 351.5667768675841
553.1542095180348 366.62477063264447
658.3277157909331 645.1153841583479
769.308948834399 -41.56637810183896
-726.1149659541636 476.651654906284
782.2106198927671 943.6730397400207
452.82483390977745 351.0661802527065
1633.314493876903 141.943787415194
968.1373151335101 1284.7045187770964
-674.2112317465794 1479.800459647309
1414.1923831841514 1101.0704479603316
125.51920072402648 465.1031264527915
2167.1733177223323 578.1204127694192
88.89777404536039 846.1607996018828
987.0420213017179 1092.1107187263412
1210.4042709591122 378.6631662855319
1175.421680234531 94.64022799710827
129.0015646715476 1299.0645870804112
1532.128497721984 886.1396394759347
1478.3077644552982 334.17736422648437
1008.5448354616501 756.9769425993796
801.112655322593 787.9328584825058
1333.6548356186981 706.265569544473
796.4921667590097 166.0390490905926
1816.1249616226498 483.6040442400751
1230.761030073531 966.7742394096623
1025.7062489353234 659.3850795438932
2051.0456921455734 848.925826808624
1365.283111219995 1155.5200322078097
-413.64779226700205 1083.7649237150833
422.5934262469399 309.53659211768684
1488.6303347399867 1485.278088380923
355.67050348759324 817.4716191456313
-495.67701479638276 760.3760900817471
269.76951413874133 597.4438518705285
638.6375546465175 -499.4705855025269
-318.3307006668612 1713.3326971115334
14.238691711658005 1194.4716503930497
1450.2619833102208 349.5297952249991
2184.4612935921864 2112.26681942785