1312.8625357315493 1133.1836424589596
1422.1457849245403 1891.0455456585628
1424.5411949974632 1173.058672485853
1111.9544196782695 1797.444812674269
882.1477775257723 128.17222360534024
1421.7611167575992 1733.2623260224461
1424.0760068783309 1190.7392043156422
1386.1280823509555 1406.5713193397974
762.1553147226962 349.16126854988784
1389.1320537013241 1142.2912444894698
628.8109103277968 352.797356538868
1391.1997261046802 1089.7775989003114
874.83656935191 330.14269046238655
699.9935738586645 164.60999531398917
1244.1262986526076 1369.5758506509917
1286.23867646326 1237.1332489636663
1342.421191962403 1780.026616349048
1241.3779343464516 1135.336181348919
1420.1912005292925 1259.4447876620172
1298.8953550530332 1625.435771717475
983.7349956727003 224.8382667790806
1304.2049751536424 1512.45783547072
1324.19273365567 1942.6688517752168
1399.8162800006237 1156.2261661716018
1524.722476668913 1321.3666636642865
653.7261718056521 465.18694865557916
1161.096204756981 1759.6295405189956
1061.816338895883 189.51312316281985
612.1109621830614 312.3063175474917
1268.4694161743798 1392.052151363132
1217.0227442627115 1656.4091487756177
1501.9202610162524 1178.3794149817056
792.5412895546962 346.6366099733709
1267.7114356467998 1109.751212495228
1193.8461144170456 1569.0613752340325
1088.7611069903687 1597.9800058336557
1289.6968896881272 2092.54109410004
1179.673321994052 1101.8966651666922
1623.7490539108258 1248.9322208007634
1219.0208772762912 1405.9269412132096
820.2795197501717 432.2566332853852
973.4572803667883 1738.212513153808
787.3780799055861 578.9491062523083
1343.314938943239 1326.5369567692417
819.4911782352085 470.87391370350997
843.678320413989 98.38006400581689
1242.1739453467908 1302.4797709563945
1001.8885543679676 156.72606249603743
1610.8996837432467 1295.9681402878607
1353.8765107372074 1721.3368714560688
652.7974191333356 277.2926132270586
1348.1150508966782 1320.234167469891
1395.4107180247806 1612.2246132817759
726.9341951462883 313.55737781168517
1572.2918358620907 1291.6910329025
1202.703366314982 1952.8850321819389
942.266561212878 183.9504698054874
759.0965380339504 159.46022342711183
1435.7393358912361 2010.0534927519502
1547.033168166356 1383.224875231432
790.7480458781783 185.64115644000336
1325.1670694691318 1878.5752332674765
1112.9541627609703 1461.0648866558222
1323.1941495286715 1711.1619727736568
992.515622789985 1647.9089144998225
997.644077347847 1627.8770599692643
936.7825007109722 158.20975721203789
1389.1320537013241 1142.2912444894698