1985.367264986515 105.91667756654098
71.7257629047149 556.7295820711157
346.3401330839671 776.1292486401567
368.2953752754602 1274.9136283967484
1958.166358575041 -14.446524948135854
1957.4523310872253 300.41760110649153
-1019.2396699737631 332.30617215061324
143.88599446965156 534.0966788133817
184.81939468731616 468.0923931819799
380.1681929450396 577.7082185484076
-876.5562913350477 2127.015967474618
335.0044311066508 650.3940068122101
1164.2022233632517 448.9080050519803
1775.5813570080556 107.62738830555777
496.3271268694149 1382.88818272977
453.9505150848876 1339.2323718170173
418.0457554103411 746.005403086808
548.2385556791738 1386.8981521731387
289.93369551633407 1330.650043092522
1850.51190383691 179.64074092052013
1882.1935490177543 148.2873314232252
540.6391955190345 1051.554028282608
1120.8913232397526 -1206.693020099509
143.75487765784604 526.5284322799977
344.5865740341044 758.6226588198094
2019.635727817235 -67.45399907181633
-484.9798222193025 2858.272888972861
1964.2322679292326 276.6913819440213
485.6887847743168 1267.9020501867972
-1181.3584019124446 355.2067718999639
-164.1089811795674 272.2513379826557
1505.18262361876 2021.9151535138133
1962.4828763567018 227.6705323010044
1965.5343511788483 112.23300724939986
1829.7876725700198 150.0556507577475
533.0848148453646 1381.376739780177
416.00618738448674 1153.5332984976606
1714.1088592856286 22.096759490661732
196.62604198545714 768.6071096875098
69.04826058749374 762.9585637094257
2610.018512953077 1908.1023949592236
261.39029746214686 658.932437526342
398.36606547897856 1135.2403649062321
507.8302128160198 1310.205900483222
-170.54687898850565 1655.0792537933755
2246.2215792263573 1919.9656468746678
315.02411994090676 831.3852303452552
2062.0815362964595 1132.3282165800886
1803.0483477912326 20.867456460765496
638.0504181053228 1285.4208548603706
463.9094837636962 1141.9298174775
390.3141042026537 1276.1836959153352
722.1893937528407 1215.2140995903078
454.6882428843061 1145.5725704241615
2107.7521834178747 49.91376561424318
702.8487906574277 2618.5522620543647
1714.6119311041791 158.46607386867421
3289.6233463409258 -70.24507367211048
1815.953595087986 251.52101310178423
1809.9118171299963 26.300527607811528
1883.9765429383137 257.53056056347486
410.02221184185436 1308.220205596182
453.2562262890298 1211.0587868625248
397.91591562916955 630.8998874238499
295.4485117681653 604.4592508721315
-904.5682501257726 -781.1832266039361
425.0255752246458 638.0300269068249
1950.688924475824 80.95591952094728
2054.209719737986 157.78597017420398
66.80954932850484 689.7895559262155
512.682928428329 1392.988057311429
76.1034697599196 684.6640466080953
2026.3577242422589 77.80512464018994
1913.403975374543 129.4170152774394
131.66830106106022 681.0460765225304
920.9122732962292 1547.1461221387988
1764.2793957919087 145.04421903049928
350.17137812843987 1240.895889121024
285.1622919294792 545.3620519513397
182.3462130114884 698.5726930573361
-676.0521732216267 -643.8448952100911
116.34327803827165 764.1911767669817
1938.2100614454964 254.81378410661702
-968.0597047266247 2629.3144166873926
2962.67320458773 2704.4094836599174
1965.3237052946092 191.05459258603966
1803.182159526403 -70.91755699586976
2155.1223908685574 2700.639760109968
500.2909784151477 1117.9142071981182
1784.5413055394013 -52.25587626552035
1774.6686553259005 120.38746379397782
706.292955706602 1346.8856423652028
-521.1265828036888 1535.3334019242573
1843.232138387791 1263.9647021016224
415.1402667050276 1136.5474755983114
202.61265606236984 763.1104858574296
946.0063709615509 96.36555727483814
928.9723566743376 -1224.373808574115
388.61930261250194 1204.2620227972848
1783.6147157206462 -27.16441262089321
174.97055854688168 692.063540199789
1081.0761540926342 2415.0575326990415
2445.5469553238104 98.18188483464145
1883.429886916029 32.91638915863905
587.6075736685989 1364.035796301529
1865.969184654512 -108.07779733384488
1812.056968082201 -73.73564577012606
1792.207685652617 -14.76251346688642
1922.5844277960043 -15.268396826814424
433.68772893194046 623.7280765040001
1857.5641785800049 168.13177625599533
629.946705087681 1117.9053462122877
451.1881892727643 1230.1262840024176
1792.2096185398595 261.0776376230025
2762.788147332974 -1247.131574792834
539.7655797006641 1075.322717377369
2023.3153647980391 132.47480786235434
1757.090738376645 108.96164799802911
297.7615472533844 684.2336321676429
1837.5716285752023 128.4911617549475
363.0645202005716 573.1319583693568
2064.685039401281 44.600882604498985
1817.8639272340092 34.898184889966146
2145.4420349993197 -873.414461151319
401.02985438047097 1297.426916263413
352.78360980287266 3295.0115846498074
16.216158562664344 -695.4890245400582
351.526775301198 709.0292696284982
1950.072838379778 252.2134640238452
838.2547319474954 1204.6760868690196
2025.5855647355386 -13.2301319011624
805.191807078603 -592.6522593238508
422.1677433625622 596.0755338747085
971.1869126303062 2328.5783933262383
703.2173183023887 1324.1697831104632
189.6941232600824 1744.1905415438227
472.6514384527808 1172.1224365953472
1886.0355161687214 126.68987271313848
664.3215777394303 1111.9764744070646
2107.1677435863353 -732.5551907465249
391.55425921940497 732.8743583129293
345.4918000151787 1276.4497541879139
-710.3370752716158 2865.2642748732515
374.9424920293901 687.3934919618177
999.377092901559 -621.199402894723
1345.65600986702 2183.2955442178577
1766.2125101272372 -20.040475526106878
1711.0507258426596 100.0922910936618
451.3350370159301 1167.6757879766992
3221.44267628288 408.37382183639045
2281.8747281684314 446.15041851290823
503.24814438541426 1404.0252748820853
1735.541620567604 183.1349088453222
213.5355783414012 462.26552693754445
2068.9566892189628 191.205591522167
2566.5964718807963 634.707451493672
628.0719644798758 1325.2726529691267
663.0583425507189 1124.2526683165956
591.1002244293167 1324.504053279655
485.77145704062633 1104.9445357031084
2553.7311956208364 1163.5099707653826
2108.091571137276 2337.6813596494762
2702.86936737648 763.6987313639858
3019.603140466863 3133.51418890334
1565.5852457013207 895.3101762343792
2152.0050691295983 1601.033516544376
729.7882528380984 1180.7904988193686
1986.2541761156938 75.92398130295909
1862.93826866846 205.10912748749405
173.33463472410517 607.4543507451683
366.22977099580095 1374.0625275071877
1930.5093391167109 183.15016425710084
533.1453791090559 1315.7332830606247
2207.5174404391664 2737.373570828789
88.24810135843947 682.4584921765887
729.0491637316529 1353.437879352528
1819.6431287338085 2588.122126719578
462.8304524584007 1191.573780845968
410.5195138440989 751.055918819163
1937.2746650019023 189.71566037192468
826.2342218130055 630.1178649843174
172.70157219561253 2896.538471758139
633.1409612171246 1210.5195605058987
2145.5861823555765 2085.805346045645
1916.792790705005 233.45983759754688
-713.1354825214357 2538.528658633453
881.6898348811335 186.05908418656585
291.89475670076615 570.5078889040005
116.59413599743591 510.04213131601375
-1098.1426209248068 2038.1755511951867
328.5122942724237 -746.2172049930034
1849.2882214565172 202.44802129105446
494.5977396168293 1318.0196590448209
643.319746126456 1138.9634050544687
612.65691113775 1323.2269428418153
437.44839281514686 1342.8758445250035
2844.4227179816057 -715.6723200612603
-1016.5631598477399 -350.8222089675696
641.4543705957797 1105.759979460867
-154.26645344845042 417.57284052830187
165.11370368099736 719.5018646138832
2001.3169367887533 51.0468905366685
2102.4148478794027 2702.803734611082
494.7919755216349 1071.8847119764023
108.92709217489372 524.2245127403985
423.8623305258789 1188.3108356681184
1866.6910203994596 -19.543683234053606
1812.651413236669 5.1511820016435985
583.55904366757 1164.9088473440997
117.92198945703389 504.45192012834013
729.3980130643789 1312.364209681514
239.5568352476274 577.0095575535639
2067.9493078632013 182.78881969108
545.3723272787547 1232.1065268402642
2040.261973586949 237.8559754894069
413.5042664373223 1351.026550834101
450.49312510818964 650.394934459581
462.3174053686228 1111.0454858717396
1815.8260353503515 29.903958918555514
612.5383535284012 1213.4533872805393
2032.6486287416549 46.87926441351833
555.1069309280862 1440.347396564365
1937.458996855651 276.285564559444
397.30038413863576 593.5746545825853
325.26737259880497 472.82894763660516
2315.091362356074 1651.51590423788
3057.3471476287336 1038.184498648625
257.57859611025077 1654.220245605132
1750.4434121530385 119.91508977816895
2108.535237078261 79.42277164544223
1828.3644711321338 224.57860216598303
380.4877254278569 537.1051057753307
354.36794339562726 1224.9949722826807
3081.9701479773857 -874.16080729827
151.23866162777176 840.7091077554289
-383.8330776298297 -603.9199247819672
2072.519046064397 23.925385306873807
-356.4089379744142 -444.4073253640588
293.04584941226994 679.8156776891541
1989.2150557442083 1160.7255895386586
145.60951867737828 1373.249249452127
454.8018630097502 1199.2481770022407
404.8132543847935 579.4358773735886
508.9536507451281 1050.7951844900788
2222.939297530569 1195.2293179885692
1849.0258506596072 1306.5756788171484
1207.212659566501 2810.1316512078806
675.2491664632801 1393.5499893890033
2131.320691067525 219.22387899220772
345.6442834206826 716.8734986480413
2025.3379186335887 27.837821223749337
2006.2178452801588 200.49404360723966
326.8342986073846 704.8936057060146
677.4408124410355 1227.8258813013254
160.84659851801302 500.7052906793238
381.38730343536963 741.0022975934825
200.45807035089734 2604.9619575539045
363.2796846497731 834.6790184111582
206.8356830721067 1810.9010041082217
1902.7682615172278 119.92548920827245
1844.6406635054495 -59.45618039919274
500.41682439205533 1923.992946839067
2083.0999627091414 109.62943572527723
-179.8906404999414 105.4559204824467
1784.7305327044105 1.9689190753781647
1940.8360445428825 44.65051021526293
779.637707507768 2379.8725346368483
381.8143315843947 1270.4319412576413
-877.0153914021454 1421.1560461043007
476.29341840658225 1344.4178021845657
2002.851682599961 113.08052423596402
356.6431842881544 1265.5915478715228
122.52403893866149 518.5168160750545
119.3315056078084 598.8318195857457
2011.3918776161115 230.55949944928327
2706.2727267212636 -111.34602420274773
1951.9554431632232 165.95781924289489
1764.3432269163347 2589.801095715385
1945.8169376907053 89.03472557947809
-115.48267610362345 1063.5718792066477
61.622345649880884 730.8548004827408
1729.589634606418 15.22952466907066
334.8164634036146 557.9227887082022
399.5838135997202 808.3597352636289
1980.5867285099575 1788.4969971267117
1809.6332966721905 26.549783156756284
2020.2284995590385 -60.21293933059433
68.5684536419163 559.1469277457903
-1220.88271207614 -642.7273537190734
98.09554795477624 528.1997718689254
-638.8180004884665 557.3688562059851
244.75957997748932 719.562761097882
261.4606867867132 794.0410816992271
1750.2928987704365 173.60766843174008
1328.1543687309768 -707.4869143329925
2500.9448109298537 -252.06591341243276
113.15176586342375 355.7580892214512
2744.743778611477 -216.2262254845948
345.96989747100685 1213.1168102453569
289.8617526107288 479.9372225599384
239.10938182047653 467.10997508128537
92.96448220849813 1209.7602429717685
259.73466846228274 2100.335789212034
343.0275325296818 773.1074241898086
488.8094044295447 1104.404711969129
1854.712447636557 252.799566188782
562.9260736313229 1236.2007360639645
375.7534419144772 1346.0097150206284
336.2305593471575 648.3071284048988
550.363780535692 1384.142457971052
431.5987662909628 1324.628434552163
514.8373932234053 1350.0788698766905
362.5756004666929 1206.7514992158651
-1016.454423970032 988.3492038401081
-434.71999298537816 727.7254463785421
588.2872008907034 1196.9116973531338
1125.6337847919208 24.096624873832987
1884.4383418714071 267.00354164371765
1434.1605788558602 1177.8561992319899
294.1943054121301 670.9454665450961
1463.5096697139588 526.4559361070361
364.24434026768586 1331.03606264202
367.9577137941065 1197.816992729043
226.9702900893897 864.4698210953139
297.97516163392265 796.5866406063731
2039.9628583429114 104.50752887281801
562.3212192262253 1056.501259219191
554.773364059698 1135.7227542229261
-1327.4172247088818 2268.497769295885
283.2143130819392 543.7168185830203
390.50256697167237 563.6384434633613
700.1354407904653 1120.7025290823246
740.5431260294058 1302.420782025326
1906.7783287639886 34.562317612241074
2112.3285655104014 72.25970994317159
3063.8995093591484 3365.5012932141294
217.54080814296887 470.3714922889802
260.00972279919614 637.1983164681532
2890.6975596910215 2484.997711071678
563.0175028704447 1297.6652504872081
510.76903026937913 1166.0214009027816
1860.841219308012 -73.36512316656523
2127.0586329360785 -1143.8011522609
216.05483795536045 522.5746829863184
-1128.7687861907875 -252.30122465367182
-642.8075711669318 2874.905376724207
704.388260875426 1212.24099303886
503.23201491746363 1359.131220802131
2541.2261383423615 508.370631977667
151.60432187017648 682.2542503947069
1974.2041296745883 43.25298297783254
336.45470275815785 649.9181083244828
1167.4628962919505 2387.8523629515726
1847.5132450957533 1639.7871343864235
159.88664738345383 763.0219217674692
472.3203540078476 1405.8078239687122
1784.1445957073774 1675.8395788312112
1720.2424752715203 64.04410025447466
-219.75909305640857 -347.1213230601762
1745.6344604111544 31.16910224374586
169.4353109322117 810.5851793368612
431.5631442902624 1135.1181689647015
-683.3626331444184 -658.6111398595046
673.9304782863112 1162.2633405310137
343.51296139288706 1203.3952462798977
334.25164484736297 629.9988802900166
1904.8898290181096 -14.955568725502614
359.2815799691002 762.8067338013665
651.095745743516 1147.8350542667324
556.9151467502492 1442.7795482339145
290.15687771211043 2375.046415820263
254.72027515430676 853.9777506876087
91.95102077028734 722.391743195115
2019.785144588164 158.9610235749786
2097.0994562020496 101.60640049479133
352.5519925439708 1170.4358969622476
1788.262283982451 205.0558978761181
557.543257926437 1434.1094844936076
89.8196027886664 800.9758473692772
1911.0928050028026 267.2053988374077
134.93373603863878 715.3693806723131
430.1142446450992 1076.1904541036083
2048.807479240876 79.75721184795604
-750.0408396965292 1009.9630607591163
640.7709130272005 1080.9414093807309
2186.399172613237 1040.5692623001053
1815.6937013005265 44.4035915358186
581.4461293691843 1463.8351922975767
306.29980516368516 734.7211487430149
1946.0043614016736 -113.10297258028181
2292.3272522016373 2087.5137193223577
1870.1275983166393 -28.969713244970773
1778.9916714969488 217.725294591498
204.78070602488245 -879.3712922319389
365.32643849293913 583.58687322183
-104.71293523937175 -125.55364912707572
-1266.9404084319929 3013.86827060373
2004.2736007240842 -54.88969538093071
36.16894126785076 -527.0490061540064
3120.666513899129 2525.7184857038005
238.73006651064762 818.0611402180355
-1116.1851953812425 24.066310669298897
-1209.85937662934 105.49810496575023
600.1792239040634 1172.4624785989818
523.3560360933527 1440.7517246664108
245.81449307468233 851.2481850310149
866.2824909005567 -757.9160549177079
1742.8339641870552 101.89837761294376
1832.0367722827937 264.0497100271585
389.1234536549792 1381.9925082104153
1984.904834340734 -38.5799196050275
172.365551313232 511.4659824116362
1757.2081179787256 168.7320572490485
368.1679338097057 1246.320114572262
599.7915055306983 1096.2663390276439
693.4188491362332 1376.1270464891275
367.0019342260403 710.5672260905424
-688.2629224188963 349.0010272708396
359.1533348498967 574.8145470387997
663.1431907128623 1373.5099926125365
73.34721380849977 694.8742179885901
331.2828279848257 663.4717187631023
417.12565567545903 739.1500637462148
1706.4664778528359 102.11631618072255
1856.9353162207228 200.24998320351432
2119.335961132613 -968.7693229069331
380.6058701427628 699.5817251842193
1547.5090580011145 2913.8785756536886
66.90096614639099 655.2647015222122
556.0885490157633 1363.7455388295102
1923.1086287726519 82.26490131225546
707.5925159053025 1352.6999367534268
-318.19443194934877 -890.8817417629627
172.3335232579095 665.7408771287362
-833.9028030182732 -838.2213938104229
625.1361410518283 1419.8057191103037
1349.4231250963344 -27.6962373008642
-1073.269923453489 -350.6557167223861
-183.68934670011373 -815.9719599257035
671.6634254666877 1257.0279074182363
1009.4294974783604 841.1388797376604
385.36746335971895 748.5398301369254
2393.5483634630446 1339.1422965278348
1881.597319162754 42.00248788415398
424.89079243320936 1145.371435895988
655.545846326064 1292.4201216012905
2012.1907468342288 152.49219316234513
1818.63204393356 4.528345193255308
2056.439415849721 197.92287520200074
1787.2332665066715 -36.47143144534732
414.1785976883761 749.2548101712397
648.9231332624807 1153.4473969461594
341.6224792388509 1276.2526343856791
1858.6142016674169 273.4446963239384
-570.2663094759698 -549.9840932764329
645.7836007139856 1273.254344451875
1791.9094088816826 90.30629542823485
1876.1536097275655 148.25812082091295
-57.79572280628133 2504.486204265369
560.3651699513714 -3.610046957818171
2101.0207174570382 44.07247052590102
1993.2339748065483 91.33504519451006
269.46155086105136 626.1873879391671
271.2341258774501 755.5697556546667
1729.604350966625 64.39085014466957
726.1780329911325 1311.4304886839009
1742.2344381291982 123.57632080382145
652.648256366351 1399.6772619923267
608.6167687074496 -484.2028525048506
344.67768550012187 809.4511764457451
-270.04318170252355 1212.5046435996355
173.87926573452773 559.5388748706997
255.54882651544617 698.8601166952487
399.98168635507386 528.7892447952681
1992.5468472734078 97.04286219213213
1950.5104142874084 -110.30684760426763
433.55792265290745 685.9176897113368
360.584127924701 1190.7574752051007
1210.8820523585714 2930.8258342851345
602.2113847874383 1207.7342570098774
440.01753777150213 1387.842753719078
3103.563404811136 1294.8555965949463
288.50505214945076 558.3588648709414
516.3825070185959 1400.510063339966
638.949648784625 1231.6053793460276
1980.2181524397822 2253.5918082001854
456.54603969650987 1336.0655859697551
1832.0940426266711 722.7146438066594
340.45388123695164 820.7866719018253
610.1650712836583 1084.082134059301
57.077120299006275 716.3904815551433
149.6901271155326 685.1361006876405
635.6534280278869 1122.8797268646872
386.7777530155317 657.1391511246748
-767.7218601149301 3042.1652788155197
627.2126765032729 1963.9423137367357
178.41256521640196 779.2440655554699
554.8999335632252 1291.5067025408878
1836.17336075486 -74.72708070581253
573.2199044078637 1077.0380905191928
1742.7638306990148 144.33708230448366
1599.2991714411148 94.92456320495215
1488.659841847074 1947.3952284786842
398.9672473057047 1187.4185484441712
628.9759730266928 327.4142662177808
1931.3930389040042 96.10473908435215
127.23812161348407 519.6745596452937
1936.6139421813268 -14.14373572189107
716.8754378771413 1318.6597075517413
2019.2014267417892 96.94241258047705
1845.5913650162727 -56.40338060909628
-1179.1051547126822 2686.925038388382
206.13128679221902 473.5333660897222
240.32671284162464 534.3934471885642
2025.2375340108706 33.32027924279662
1970.8222292396927 -92.12315618618102
510.75178501658473 1215.2862749775518
678.4091051571293 1400.7994735022564
501.1206391290781 1456.1360558631297
348.9579918509042 1315.9803513259108
425.1449951877208 1125.448987163313
319.67060760778736 590.5028694636759
1960.2393564583801 1906.2869207824542
528.5890799548428 1212.5493464581689
1701.4180015186255 118.11813737554253
562.160125074974 1095.8697154140166
589.2511789904332 1290.2960384511111
430.5600670559107 1348.3224717024846
544.4826826690023 1076.2310668706493
654.7746827319186 1298.8771705186875
450.16130187806573 991.0724202252933
580.7233477365145 1192.4987617121417
317.75917962459215 473.0976006517838
1855.4603186992115 -57.752206229605655
1075.0415882237392 2912.852899241387
147.1437133441721 633.1718195279251
403.15105750015897 1335.0960852549529
509.3285135907674 1090.9429013273384
3262.473807895889 -106.8925474834303
55.43737849606523 574.7970365337053
338.0313007326012 1497.0567731999347
1754.1454195396966 -34.326976737444674
371.39427020790384 1205.0534748655903
-86.67919936852063 1876.1277779887234
2563.516865255784 1749.6057280441548
342.0054501741724 758.8638821937843
-749.8617137231399 1797.2238260192516
-739.3673820551145 1566.3271100086358
736.4911102005631 2496.4551255727656
220.84586095235497 564.4778519286979
2661.893692634877 1563.5308779342315
1738.8458914935095 163.7735139306776
600.4808023292612 1286.6511751022135
1406.453994888789 2263.4904499592953
592.2200375379385 1157.6418561514608
1921.155753811214 264.89531229239014
2299.953202514896 -237.652795001048
-274.624677986475 366.4378583027174
1851.9176976438098 -43.959407076079614
242.2175491060462 524.6662580145504
531.7107951525882 1244.2692216542007
276.21188301652745 661.263120789713
629.3891262661566 1200.3600731703345
1923.2354738135732 192.4541133644358
2617.319999404183 -239.74247568381068
1944.0857704502052 75.19510917718178
605.6583173930304 1299.7219640795583
442.3173585442446 3322.5829322045747
1943.4438499549913 291.3559662710219
-420.8508015936125 1117.511431001999
1885.6629114545112 -558.1758274972317
2439.9077272660365 2210.1292680966994
394.0580338290508 516.1020418357671
220.99661715870093 735.3475098237562
2489.251805710715 3267.936506687249
607.7603646075628 1406.7200975953654
354.86617059147846 1253.22467874842
132.68542474296964 820.4967723626218
377.77458520373744 538.4620203196288
473.390821957086 1148.3848466583454
378.0910528320573 509.79181832889645
396.5899060761992 570.0898757794724
993.4968392666609 2807.9938210958944
317.92887757454594 862.9221179458814
1010.4738245771309 1414.4187754621623
2710.8966676678688 2.9692192659239334
416.5956868279065 732.77118020066
627.8631741126187 1192.4410075785731
460.15855109220564 1242.1517026101435
1773.8466619473536 77.41118114922048
1898.7574405526093 1.1900066749737224
669.5539382002358 1088.2491425724218
176.2889213241575 599.5161516281996
95.65360850371673 -960.2202128566123
480.4138826282231 1377.187959703433
379.6736963391822 638.267815302615
620.0875239148794 1211.3264331769196
623.0869532067944 1353.344155532437
1944.3660827342896 277.91915823352184
2861.2864821300277 -279.55967322402097
2639.1795174065296 256.99961013308996
726.210535550107 1247.0874973996526
642.9434948223661 1389.4671316652853
1868.5254412012248 284.341160225347
1885.1621609954502 277.26397726788645
171.25224522893214 755.8003292480083
592.8407523838773 1324.590921129997
184.4128766225883 89.01973919558398
601.2462366098121 1127.722844190627
249.11901897850447 587.6391838736001
438.1976630151522 1350.3199996920953
2329.04804847137 2667.6538178295677
658.4232441227514 1280.5588666502897
1841.2269401723904 92.07889043588803
2209.7591284769414 905.8080338166085
-1008.2082827285815 1085.362324185071
1741.663096133151 -25.730162619197305
-1379.8728186123687 342.0491820201912
2823.724128329164 974.1274827540276
249.5551843809184 635.7243846448976
443.1137901707873 1357.5419172265256
302.61667571366223 600.8708444695372
1871.826992788389 159.4288317891147
247.57268349099775 761.2353515297316
1257.3155537222126 292.503406148852
2668.6490139058205 591.947061357112
185.34346570142446 583.7215053926593
400.4769447231322 1176.002103901156
1818.6251108236656 283.99782437178976
1966.8117055555292 76.00193529208026
342.3856048744179 1195.8578116884476
969.1716425456746 2132.492518589315
1202.6963511231506 1508.072907356616
1948.7431453361605 23.755128397654886
1450.3443335392164 -204.40431107697128
406.48323481148424 1417.409114167134
351.45214489300986 742.4604538625752
-813.6555888284486 -718.9423795247111
212.36964574294163 803.4187995456147
348.5355505648137 668.1361319435874
1263.1122476739642 2659.2536973523565
544.8436541845878 1429.716831058775
1999.5051134659864 -28.898463578163906
262.67018847851136 739.2912180052463
490.2945084100189 1152.0188500759732
595.7089274015373 1139.7603740397674
747.4638016037319 1306.4731592115072
123.27836416765774 584.8866875744725
-940.7297592524602 -488.5017872518384
1397.8418928969452 1632.577994364754
-387.18507390878153 53.94696768669195
1832.397973896436 -36.46627534293722
1185.9169448009968 1451.7561000850658
1054.2295062319665 454.78837734889197
370.79510865094403 643.8581559102698
1891.366209789995 60.369717284505356
226.14341885420083 788.7991632329384
406.95686125658193 1108.1540772662381
616.1755568983409 1326.511516798862
-375.22546529014244 898.9949620276453
102.2234606060025 557.3588732924372
402.9926948697416 700.633455568629
218.78602052180577 517.4645424592536
186.5992030277161 6.838130604566256
1741.3607353793527 191.50936192964235
1860.1225495664403 9.886479755338963
-756.4061273815386 1934.2907401205612
1878.4071320562261 47.21431238208752
3082.8573098571783 -627.3986346203671
1919.681187241081 60.26069066849317
216.1229184330537 687.1725144293133
1266.7774462210295 -1057.9933080706605
100.24355260745632 713.0203384987507
1946.202727752004 -59.12435100583244
-849.327018548398 1722.7786082654247
62.83149289407377 732.4374100744052
1188.1057754581893 663.0357904887459
909.40687172748 2753.0720730550543
-679.1490551472003 -836.5687971492855
1855.7373172683087 -668.6460899171057
-1059.3086486636203 -352.78489498615113
175.62394819480576 695.5143717172155
1863.3622221732617 90.80661799833122
-1041.5627696369456 613.6296562153776
435.776290131079 1224.2263395972445
458.56096214897326 1217.027447883271
1795.9170648488478 -69.51183435974129
1989.0550179870224 277.6707545035875
-293.7449978528031 3166.1554967560296
593.5561926831749 1228.2526183532566
2032.0531792888971 85.49586779986348
3073.4921215675354 1234.508976282185
2039.3744958214988 -64.30386929189106
888.5376808309488 -226.3855461961037
1440.2439393153747 796.4921836398445
2041.208929924477 2789.8322048614923
1784.6934974666945 250.94192601044622
654.9950339519967 1115.5745759025535
1905.8817908431727 -54.72012533891543
-508.2520913472032 1996.3644319315829
1839.9497769133145 1907.4631894810109
96.52022082993548 768.8674239915968
236.22156010789917 717.2638231711082
1175.9150576615423 -545.3657614586829
298.4405083173171 2314.5226337708227
447.9078195020097 1157.6577949980233
448.7060933155776 718.9456523713405
1915.7396833206876 67.6496303614403
728.2415883435158 1160.9056306231528
420.0485162907675 1329.1579026990285
701.9631423985013 1168.3134871994403
392.69001591528473 692.5732080824738
362.23284868484245 1322.1443443832368
2026.5690503143019 271.5597999424398
631.5999234275569 1406.8197858080919
1948.5628669783289 -43.863286418041326
144.3322717066855 746.7867480414658
57.10528444447406 647.6936044822498
724.734542362257 1156.422142990746
672.2996521118273 1409.7341334336475
2085.5197036961263 138.4959029678106
1598.7711794096913 3111.110123502848
1905.8817908431727 -54.72012533891543