1484.4660278618069 1091.4504368684989
1228.4183047779097 1480.2895573276721
1227.7049468586315 1592.5196646763216
2063.226978669802 2231.416837248311
2391.0270920705234 1096.1436622209037
302.0111316959147 476.1880610420044
2182.7168035175773 861.1236695453471
1510.9575126119266 1036.75236937692
1707.0843451494804 798.7747464630318
1785.7002481392321 540.2453632071229
1369.1045645724737 1352.8509880997478
1312.100596176684 1416.771157177204
1287.6949897017114 1452.8529718689097
2368.4178408170706 2265.3638785473477
1699.261035719585 724.2469594567834
1401.3540914810214 1648.3023196856834
1254.1396236531893 1547.9306525925795
1641.1513995413086 895.365286112082
1289.456739154216 1415.2069354555001
1550.3760140540653 1018.1471638035935
1520.5872200948872 1084.8518501769033
1589.4093008593284 880.5536142525189
1478.1783868480225 1145.5847940637277
1958.746458562859 1919.3349513746343
1359.9424476766321 1264.7537353790979
1541.6041883739167 997.7705264181425
1542.7309226733216 1016.8294632613465
1630.2657617269217 852.6710839070795
2295.1908680328074 480.6345473687598
1715.7903765252274 678.7814181227087
1309.5588337801628 1408.4793176984183
634.9351764234004 923.3833192906786
1495.9267337445854 1154.5887400102254
1262.6409345561365 1465.150073336724
1612.656259602868 954.8099427838486
1254.9870763931572 1467.505469957111
1444.594125010953 1148.4330452750544
570.2216716307094 1796.0029785700094
1788.0918599491613 619.0390883764082
1221.9751831929739 898.1948705642386
1371.671477975041 1588.030179463029
1520.1434682679846 949.8561743015256
1625.9940731551749 883.0718358566246
1483.956290255775 1037.625996890398
902.3762106778429 1428.0691968494368
1317.4921152266215 1288.7792750661279
1794.0504741722223 636.9025912349908
1353.1399635188081 1356.53142322038
2341.4865971152476 1995.5714692458755
1509.528803148215 1051.2523770402183
962.6265881163955 1318.4636853483769
952.6675572489955 2092.8845904785435
1395.007843168242 1214.451354810118
1901.7543436918438 2030.68424194858
1550.8304773113348 947.4101535416187
739.4347836173329 394.3584505289693
1431.5578506237125 1188.2982084806201
688.4788857999357 1080.8063794062239
1454.6776062350013 1166.6815279699788
1660.0572147433802 830.2172909391368
2458.140584255142 1810.3861798974253
1168.146343567092 1657.181701197526
1656.7437560050832 802.6994603908555
1407.508143539275 1223.8314088111465
1665.29862634882 778.0619670656409
1313.8019655214441 1302.1476156380331
1244.8334916528677 1497.298086125108
1622.9137050880613 849.9511675127223
1770.411733946418 680.6769855032113
1515.8532171563431 973.8307623261476
205.14796049446338 2499.412049617711
500.7047230482596 1673.100520929006
412.59929133649064 316.12882939744605
2476.8396860259245 2146.0117751827547
327.99017852378535 926.4403344936776
1468.2376217267838 1086.8789793485673
1245.1624824052446 1512.5372755534875
2356.7978201618475 2565.7420315459667
734.8785504237532 494.93929254445675
1652.9998772994154 845.9468237618925
1043.2022627424585 885.7948083420865
1649.0259563481952 768.8066247798614
1330.0946966703702 1328.186916647813
1407.0040931000524 1243.8902210726596
1634.1218785850297 1900.5823483229958
2228.658112474921 1543.9215241411707
1728.0003197441501 1681.3042092708367
1453.6841774693987 1243.0618289512036
1813.5405422775832 538.4013102133539
393.3059024645271 2331.2929911764304
628.2630632168759 2498.435032612639
1737.2663872736152 658.5806671253739
1808.6902066457203 1762.5384205103965
1701.1981830817506 811.8302840914256
812.6500797051895 638.4417750350284
1007.4177215132053 1532.6357005539712
370.84357398610655 1887.0156100815113
1631.8280858155924 877.2484292734008
1595.418512221279 885.5045605030087
1707.769908984841 665.8499366084637
1429.4165108408306 1285.367949635394
1188.7173506705044 1529.9837302597243
1366.0938043241024 1232.1659074103418
1781.2562208729835 605.0223371417022
1447.565572414001 1143.7853907749047
1460.323443567728 1159.8244338241484
1784.644304044969 1613.2851265472864
1342.485862089871 1304.2981760157832
1191.8318136944185 1597.8456403174744
1672.5758647279083 744.1892237525949
1349.1553843579472 1358.1643140553278
1665.6649649114602 739.5972667213093
1777.4376415879879 657.7150749661668
1809.9249462498647 580.7870822349679
1711.8865105682046 671.6516861214049
1297.1809925618982 1381.040772337812
1246.5868966437529 1494.687279534797
1756.0614945573773 577.9612157494768
1277.2225283824744 1383.4253210530105
888.6570918581012 2273.6378925592385
1419.6957717432463 1227.8868916214876
273.5376960612187 1428.9382784540535
1557.2540929531074 968.3146969021954
278.05744817757176 978.7750663430514
1152.1803578601593 1697.0108185819781
1494.4140764954134 2057.6016030153355
1790.509063637815 578.7349010867346
1365.7968855718093 1296.3468030767624
1762.7341936420935 635.9586065719585
1785.5610842828703 572.4521415866668
1409.9676596153306 1256.3303548548279
2116.317647073529 654.6703575960697
1531.2409599608632 905.4180792786244
1303.265715746655 1468.43038708975
1330.6309152953347 1379.9239248026252
1447.636570176191 1145.3951770804117
1370.2659259105321 1267.0451812551462
1301.6658239646245 1374.8355857939796
2155.46779756233 321.61338059290773
974.326089660719 1138.3078487707578
1226.1184905644723 1600.7642593196658
1613.690091763771 828.1891681366754
279.5241050213178 555.6008967276754
236.21455058095 1114.3725338348477
1946.869168801712 2073.402297597501
1482.9024641723702 1048.3529791818444
1242.901693729028 1460.4909894113207
1528.0494052222418 1049.3359206333562
1506.891938444778 999.1753494584441
777.8154264524809 2306.1106194965155
460.22437076550835 1652.8548289103762
1679.3870597301702 1568.8754973448056
1487.8048664323035 1122.1034240800911
472.0052392532079 1776.8701834112737
1290.3119634993204 1408.7785615413643
1946.9104425640646 1860.9680655132581
1681.8125710872598 762.3293859484897
1159.1812411517733 1711.8022509605094
1393.4457192974933 1249.15797432169
947.8782450940778 1846.780100002717
2551.3001782699944 1886.9491746445187
1232.8977596043449 1527.6529668841854
1314.244091086833 1347.543512562982
638.3254992497996 583.0577225169981
1491.6647207375204 1095.869659361344
1437.6386843168227 1215.9616066279752
1870.0917395301099 564.4493331690336
1376.8986812130295 1341.0158337933249
1263.1567921013439 1405.595037479601
1283.3695179752926 1376.870699158681
1726.2681264530888 693.5726691872482
1576.2296971483504 918.8194171993212
208.968615437552 15.37054562586396
1241.3764431144027 1515.841551118416
1366.525058359538 1303.4848247133589
1457.4670124559184 1177.8312852275333
1607.646281461173 883.9335912723138
1534.7674181765256 974.9006655952257
1237.6477700483977 1593.2967741402904
1576.9259520766286 984.5717373962835
1356.6540990883786 1231.5002511004852
2278.2954984373782 1472.5934650388992
1461.286063888965 1116.5921075269107
1497.0602736408503 1030.2373037123245
2252.457496133982 1436.0988801210206
1428.3593439211168 974.3561071429566
1416.8168507729524 1264.5086865252858
1558.8933965880321 979.1393237423151
1094.4746093737572 664.8076577200734
810.7994767823672 1670.9716573186615
1110.8377566811885 1706.3848113759664
1194.6787617498424 1565.0715073772153
1453.1389656289043 1155.5723131307059
1598.5603825857397 868.638508964782
1174.6803622257253 1636.7449110351286
1647.6400744365149 807.8292255021972
1231.4234384708732 1511.2595247419404
1725.7986702342848 738.778646570512
1230.2710262854805 1459.5813860072415
1757.2213033815224 636.4963201178662
1545.2446240384336 1028.6161161358234
1380.196294168435 1300.9723960367962
1377.4466586116937 1341.069483067439
790.7398338892053 1983.3901903718804
1288.4480671621588 1437.5438242436671
1578.7050984280609 2088.2771292587477
1546.327315819009 1029.7169452202388
1613.1893478566788 838.7706344099759
1412.6749369001386 1235.94886538964
1694.4946325986039 785.1596936446135
1699.3084232175477 743.7815025777694
1425.8678230911187 1188.876782555706
1655.2753757101852 802.2326702376964
1159.6800585233493 1543.8725644300398
1559.0498575332276 945.5739474586547
637.4356511346265 885.3390281030613
1372.9887876566745 1262.1971454200716
1514.8392573685267 1037.2756409036924
1728.88857206281 697.6126472494881
1373.7070180755068 1295.3840122479648
1597.8738714107537 867.7559192260026
1362.7636360561514 1227.2464187573482
1520.0915419553703 971.6072078914333
1571.3695689336027 386.06332761037106
1201.2656325747616 1590.3451473067564
1144.0383031408053 1625.0238167798998
1589.4959699824726 995.6972909441682
1793.3791971643168 658.3343056600893
869.4694105361482 1118.146475653955
1715.4497510911206 1287.721929925511
1287.728614100074 1430.426203580149
2643.363212084517 573.608120750242
1445.5541487358983 1145.3511611918718
1421.4321917241414 1157.0807300220697
1345.9508054958258 124.8960149850861
1447.035526289536 1157.6073055893348
1797.9516779788523 706.4895420878956
1536.142805033492 1007.7690224346649
1593.7928501017298 909.0023178277023
1564.6445914755193 972.6703330293315
1597.0465947296673 951.5224674124321
863.7554066707615 1930.9176616242028
1821.0961185285712 552.4688460321665
1611.1259584845893 941.0617049127939
1583.5781689965092 1018.9197281224575
1324.2841309401572 1330.4231618813847
2738.315141034288 1247.4859007723737
1806.3898976328242 555.2164397233233
1773.243929215093 601.5028047525967
1522.763493671223 1140.5619901083853
1601.3013868948087 864.8020652939267
1155.4959779811368 1576.5099955534547
1379.5509885394354 1247.233474969815
2060.4365338190514 203.68099031739843
1454.210451044815 1286.3091719243025
1339.8805084817193 2168.6513273580167
1535.302431839302 988.3974394391659
1265.989397995378 1460.9891526540125
1188.4419120390046 1588.632183871031
1510.5104532137123 1033.8038048285237
1648.1231686554415 1376.1826889170247
1353.6251758396925 1356.986194737097
1517.56830292623 1924.0191355645486
1808.1563186493547 635.324990012341
1642.4118974042658 819.6975990706974
1705.5830065443643 665.7625160122589
1211.4326900958208 1601.9056752872361
1464.1755245872619 1128.705731923343
1009.7557263864334 -222.89114618788105
1171.0735777528241 1685.1914103589481
1489.9970552457087 1107.5319796298763
2185.940337863165 1153.5102146284487
1674.5535577110481 751.3929267871035
2185.0369740320853 1037.6532601646395
1672.5852247183113 836.5404834087615
1803.3980669974683 2056.135892712998
1225.2402127208245 1479.8547489403827
1699.7091274333075 796.6432798215845
1284.7392158844943 1470.8351668112368
1257.5256577593111 1461.3738943084882
1631.857896006772 792.488083721937
1636.5705166584519 882.4393553242543
1435.438088352319 1155.106072783309
1801.2475999392702 600.7915307367961
1308.8026163299974 1387.1318929044774
1370.5894048955602 1189.084155260761
2648.324073471858 2043.2586630836854
1247.955821385783 1566.422103540871
1109.8576852753438 1707.0740291325114
1602.9508325558113 924.6794007752318
1343.014240667378 1389.2031600526773
1238.607019791935 2400.5792252050214
1392.4722848810495 1279.4959402927902
1462.4954406071022 1174.7304432623382
1292.8915610841802 1432.840398407994
1230.0391357101164 1564.744103928211
1676.6659555767721 792.7529629467739
2265.3990536860274 1854.1353656611548
1563.1990603651154 1026.2459487661522
1372.712545219264 1303.3879688393515
1670.2288435619323 800.257794774169
1509.9353411741386 1382.9868433493173
1257.7654191597503 1451.9571234003652
1793.80005375133 579.604128992865
670.4172391367075 2305.500574112238
576.2543109522612 1626.375213379077
1630.3857879490895 884.4877122437463
1639.7466475592257 802.6208399083367
1338.0522230916001 1341.3395217733248
1428.4586837424017 1224.6099428044433
1695.001444708677 707.4164211145223
1308.0873745494637 1366.0948544797113
1554.2430127615455 876.0941890443165
741.3572882768744 33.599482996265465
312.926397431384 484.22317125059055
1751.1886794788381 637.4060990144949
1141.3143056833117 1615.6736257402201
1752.831128630284 624.6595688094184
1459.7616943011815 1232.0411481113154
1350.770867222526 1297.3536794754734
1622.1792014571147 854.9228058649978
823.3102853905682 1611.3852252025015
1100.5326402547594 1669.6161490012187
1403.5811275032784 1202.9660886520494
1168.609190743462 1542.217105723775
371.05816563209385 144.14831834908156
1393.8499390161708 1303.454116559549
1343.5698822599375 1321.581833942497
1255.6944867868854 2492.6664777894266
1740.518330331513 624.4365505893456
1520.1618210124113 1058.6598957373317
1439.572061083692 1153.8725250857751
1252.1775091365519 1609.9102646469546
1757.261140796981 622.3749625982922
1743.9924474069308 707.1929200985878
1263.0677820314306 1560.1428774077042
1778.0507920550745 617.3810430325605
1124.8769755396104 1654.2669037534388
1400.587748394057 1259.8806717748434
639.0182725114335 1205.3848606332829
1708.2859169492438 714.9837851176455
1519.4278841080807 1019.2195513931886
1617.083400810012 903.8984789329704
1644.2215973418881 901.5124280857135
1534.6281662285517 1048.0156841200978
1523.9010513797496 753.1976284328358
1197.6005328226256 1478.7429940476675
1432.487259603879 1202.8506046906266
1309.4400269525643 1423.6697161183467
1575.8764106341287 871.4852631582874
1841.2010849116468 568.8829016669288
1698.1825412981498 730.6417212118693
1453.9297587490225 1193.9464669409563
1721.2781566768545 617.427608319526
1345.1509349267726 1338.483581818689
1457.6486642174834 1139.4651721469043
1266.8296856930117 1520.5422525660344
1289.5271518859965 1376.7361668352369
1466.537139871295 1122.2883403384342
1323.6473938013141 1379.8634814256786
1558.3764162333046 974.5406646250751
1615.7423770841567 870.4189560991917
1316.8001891460485 1348.7752282794154
1356.133881110516 2238.2441426772225
1646.3288255686098 891.9444988263939
1718.4953111459718 718.2541984026512
1466.956350883642 1090.2814063203618
1736.7101667370796 681.8639213955615
1347.9874027430326 1349.4729542817508
1823.8708811987308 1203.3712306657112
1196.6119354945386 1537.4297068231635
1622.5276921740076 882.7234245319545
1272.9721331112391 1448.8989103128058
1336.0163530219834 442.4936949918562
1293.9454017603377 1370.0251023247902
1192.13982738559 1658.5746698732248
1450.270403792332 1082.738022252938
1552.542546365756 1383.279899043675
1144.3481670151116 1660.9503183499598
1446.7451003524063 1421.9393382037022
1294.333890324176 1410.4863046950873
848.7649280911284 2011.6590935587506
1158.8821845609366 1570.5452475346908
1333.8374878878406 1339.2599335730574
1644.964267423342 850.0419747538571
1589.2931334289826 935.0313527105641
1991.3083625854201 1442.3876840597813
1591.297123763919 958.6867660111947
1785.296080759423 592.6543673107972
1666.9918039896584 760.9003747875639
1319.4510496724079 1347.0986669014255
2269.192947784784 517.5516722870838
1180.0437035910556 1549.5615076153535
2551.4315184532425 1916.5795593586247
1384.2303231413068 1266.6549823140958
1740.7251610939768 641.7003393588811
1675.4813825997567 777.3541487376874
2763.9291633187704 513.0075095233693
1237.5039777002316 1503.0278806616946
1481.2594905153367 1101.0443432736777
1454.4423843431118 1159.3534389724284
1741.0760132666612 651.4429197793457
2236.7979607450206 -368.5808780474083
1297.7841583598315 1404.345004011782
1400.4469677060808 1276.8179870160836
1784.1635973405625 675.9829801010613
2404.9059082061394 2053.8956487918895
1661.3599765564888 756.7095722533047
2729.400033739303 1036.2661574660056
1245.5116417820664 1417.3768276393703
1559.4360792693205 899.4922794224678
1580.2054882239759 896.9352410522582
1357.9016421895753 1369.6036501541766
1293.8569009506011 1401.1099704965804
1475.0453513206864 1109.7701894231088
1602.801511166059 1034.9013226169698
1699.0986666327392 723.7881166584139
1450.5137365388464 1147.9986510844067
1026.3852429726041 1034.2038177032964
1489.405799302371 1102.2001760045057
887.2254433907278 2290.1476540393473
1586.6033131995775 921.979543870463
1684.8114446182792 836.5723572597468
1783.659892205714 539.2239038106499
1094.299428586854 503.5279271429764
1115.1132473535092 1575.8414915394856
1010.5896411806469 2171.279786757564
2381.7881289342263 2592.829349010603
1269.220825374366 1404.0394206314
317.3287125790504 360.7489053649076
1334.9790742905654 1381.4315105958879
1267.4747853198537 1430.678911064291
1219.467478510671 1123.5040168707476
1932.9860039732514 2091.9572512851623
1721.535584186204 741.72810592656
1798.5497229033335 645.2028505886957
1822.8523327465623 560.8210212417299
1341.3142425792582 1351.593550069107
1169.7282553200605 1620.7833443293623
1595.973082343066 920.3167397401845
663.3713059140824 1861.5122195684112
1779.2228332703971 681.3561347147223
1111.5519867252558 1678.9052654651039
1446.7345719148386 1230.4541424543454
1158.8461378906156 2333.1316207989557
2692.248636831309 1416.7131623098478
1253.4960543653021 1437.1188624780093
1650.0888108456465 831.7083026736868
1032.8717635645467 1756.4906874918593
1252.5984180343648 1591.2932289623263
1475.8179284243831 587.4754511439014
1137.6307512122635 1657.5983257259807
338.8543117123103 2341.109867412695
1438.5838886341082 1194.544932571172
1762.287897914978 744.0911732327622
1239.6670699630906 1478.20696116793
1148.2905450649785 1655.4816375795378
1531.9923586199604 995.300107740492
1286.059430362455 681.7388086687105
1395.6650417749825 1262.7694064427424
1934.7264004236229 2308.2861991107243
1598.8835875098425 905.4067507458979
1641.8282481441738 905.74265277933
1592.7715799814753 832.9275629873438
1798.251299515048 1147.8044293557255
1517.393830678071 831.92071096637
1586.7743744881577 883.5690109981355
1157.5765349971416 1633.230065848948
1510.1669229168403 1011.1815191782281
1335.2154372440975 1388.3970156096311
197.13705799333664 2238.3039765235844
1757.5005464884264 675.5348732989089
1805.9890332621183 573.2838703916011
1408.06099250379 1217.0159984672157
1909.0477387290439 699.2935721182595
253.37463021471538 237.03092438657092
1209.0186293508002 1527.2287321602325
1473.3449772383306 1167.1597308268658
1802.5570235788905 646.2253718205375
1782.7810700947953 639.3811217006063
1290.3029877091783 1433.4797581930986
1385.326268329203 1270.3951499522398
397.387088331901 213.06504405308883
1763.129553415022 622.7703426228419
1511.5348385967695 1064.603430526277
1700.321757272436 732.3441515900732
1718.5766772224272 698.6206884425966
2058.270870030369 1833.7978378785704
1561.835564589598 936.9525274630643
1243.9887340812384 1489.4896990468121
1298.6102584698465 1382.5943075588843
1153.0998459899863 1700.7402323424983
1524.079096944744 1043.7356174710171
1736.1311733672858 2062.008776225923
1382.7148474887372 1289.496218624991
1160.6971821522766 1594.3855592827676
1429.8367638069321 1261.7971230133694
1675.2819294188503 833.3778733383142
1203.879348731773 1584.441564846251
1807.294189253068 672.1673744235904
2357.9883565585264 2446.371364052992
1464.2448650024635 244.37162127841827
1430.6418536518331 1150.9241366013312
572.452523819327 1417.968966724489
924.1372706464357 916.6681165050364
2220.6850656547444 2341.403272323512
1693.3704185963065 764.240891393413
1394.7779018086158 1258.3437403279995
1515.424238230021 1095.646491908875
1790.3396282705396 606.8239438866373
1415.101118381757 1188.3837933508105
1428.507855046763 1184.811769659426
827.175649204979 741.3555887209736
696.9265389897714 504.687588230907
1682.5368122350153 738.55677736593
1265.6426502946786 1667.8558365459778
1760.3367486660304 589.7996348647905
1782.2037117908246 628.5464062833555
1787.2911912377178 561.1759664265498
1769.0092094431234 655.4769049934688
1397.9289513105402 1208.0466047459165
1395.1124565542634 1271.5297321835628
2292.077541718932 1061.8893446773986
960.8357778617607 156.50069205322197
1444.374823171172 1195.3050395256425
2339.954141013534 1625.1827518619482
1852.4919710430672 555.2360699215999
1290.066952086455 1415.8817807723099
594.9573520270435 1243.7111831237162
1304.7266508034347 1430.9461179213083
1612.0427858292474 901.0181578675721
1694.4389079152745 745.2061971558139
1929.0977932125752 348.1387132649026
1323.7873783254627 1339.8581248158475
1537.435535199969 1553.5263287847342
2330.09664712775 1775.5020319015305
1197.2343287676604 1564.575935119936
1523.3973641521613 1050.7169963363274
1200.5302142491441 1483.3857771193798
1180.601580332769 1567.3146802114059
1514.5637968403971 1041.9170091595533
266.2507031164705 931.8741040936121
1337.85533008936 1345.4037270947736
1246.3277644783095 1444.0956725412373
379.2089453954645 2126.176223815319
1229.4115642704703 1471.0494469939524
2180.5877091879497 -265.25079367345097
554.4641949866651 1956.346887764672
1494.3888904694543 1071.0665794272695
1475.731484272569 2294.053577354477
1395.9254057796609 1244.744281396434
1262.5408319947214 1395.1388667733868
2187.8572217383667 1597.6359187025662
1727.0750919590023 695.1421200292297
653.0072148324762 1407.9453286979713
2151.257545873028 704.7665558918495
1503.8270954312463 298.26797763063735
2864.612366113886 623.3552954170714
1852.753326340275 526.4307806796941
1427.525807547111 1155.2330116312173
887.1690934385555 1853.929966934505
1486.7994940095386 1084.8722417422553
1564.930354693933 1003.9608581945408
1813.9525021146683 594.7023791214107
771.8611438520908 1134.3950676870047
1836.0691854872196 575.3172786718167
1975.0906018714556 1898.8623677097178
1158.3010415267838 1622.0303784934433
1363.818711009066 1294.2368710969336
1306.8617423007295 823.9329475228365
1239.7027806460878 1456.669571059965
1614.5988354996302 849.5003037539725
1154.4843611378524 1681.6132523262422
1163.1363874063236 1599.4566632308552
1346.1495150126543 1314.3755791325425
1546.2698240583322 1023.7843608507361
1472.3219772676082 1145.949161294348
1686.7461696787905 757.2035161285278
2563.85634921391 556.3502641155668
1633.820012338156 846.9172688273557
1526.549603023314 1072.3933596423533
1407.3882876319149 1262.7000378101116
1786.4031946011146 613.6143438958385
1506.7041117714737 1071.6876959727379
1160.0417114622405 1627.940614537645
1633.8412140837222 854.4718135598717
1491.6185010178508 1078.3725584435895
1307.0697768033745 1264.5788531018015
495.7788655405573 253.86026134285677
1267.8621658893003 1451.766892280117
1210.8874145259185 1479.0222150229122
2122.2505339704676 651.7734317061587
1501.0456181794395 1211.9938984938096
1184.0455756066358 1568.13289842286
1575.0249179593147 1034.8884947847694
1351.8177030053678 1250.052338561154
1497.431630284311 1103.5360345205643
1454.6367424837836 1146.0154567549139
397.38065509895 304.7297038482152
1652.2926281062628 694.7618399895006
1320.9301151937827 1307.5869453236085
1382.4700745919033 1235.400415691959
1568.7876278195392 983.9387020517761
1686.3133350303615 739.5499789482348
1528.948999943756 1771.695527386915
1482.659943029948 1108.8755587340738
2421.091751771356 1624.2066348682622
1582.0431818964748 1007.9554962389938
1650.5006038486836 859.4942778913331
1194.7317782171174 1628.922073840559
1234.0467534917145 1403.9196567904448
1725.7618897357945 651.4958464686006
1311.1856082019058 1339.5584740003542
2172.857086992906 904.5076204137391
892.882570505968 325.2591401303321
1450.6548176911522 1117.383170574785
1509.4623733999422 1053.9609211604754
1332.181001591372 1586.3598549992892
1685.0893707285109 806.2987673881006
1620.3348476959754 933.7225565359535
1306.0678175479945 1659.9528036032746
1785.9561191623618 568.5846999430273
1647.1140572522445 852.9704271406451
1388.4312354891274 1292.8518798341765
1209.6713197445404 1451.857314006479
1457.1225613901747 1157.2844446947015
618.895197726165 -177.27793316405558
1169.7898766242874 1617.4493471170829
1452.450291337367 1074.0479279846072
1350.5448075609581 1363.3919497182399
444.40908360469126 42.75842581337145
1608.1747239241506 2048.5246706643948
1695.6899778448765 734.2501581284818
1247.0867462177896 1488.414935796043
1137.5719559801162 1681.0752314979159
1398.0317104323012 1221.045886328467
1372.6255093631974 1338.197387081489
1227.1407619305826 1610.9708169460678
1565.0995286678965 1013.3467334612636
1194.326393213789 1537.4713291888256
1311.2215077917235 1394.1917687858725
1381.4988824413476 1260.3768299422677
1303.8000675733101 1394.5862639782342
1290.0440338422948 1388.1361887185133
1371.4057535259383 1311.8664475655344
1547.066752036156 994.8565906531912
1366.6521600462672 301.7436925179429
1423.5190116852316 33.768550224749845
1772.5226702363295 622.5625532042404
1815.328218093903 592.7819916982097
1603.662960239967 934.887532782692
1479.8960175267857 1037.8498466755962
1257.3500634250586 1508.8145801653557
1175.1086347941625 2005.009057768003
951.2325926714248 2500.7233292280093
1190.4277343560268 1581.8979381689978
2846.964844592345 946.9331783480648
1475.2801550048368 1060.589159684561
1482.8242161962994 1052.5692720473935
1574.8706476293753 943.6266851380922
1757.086483625811 729.3437896116551
1626.1934491393954 880.0808041225031
1411.5877917683497 1217.3525746253304
1227.5921227373337 1438.9847496311309
1134.5904259039114 1620.6731601778758
1751.2899563869605 598.4555791491532
1172.7903052105974 1637.2370012269587
1640.8922269214363 822.6098224427298
1841.2239015303965 556.5829872986134
1366.6261712454987 1275.214429827024
1507.211309397083 1048.4565882652814
1529.2802207490195 2334.183343122286
1444.8927546394261 1210.3141507624314
1368.2918737347295 1284.4643602372278
804.186226580881 874.8842621893707
1416.626728401049 1267.1827783889366
2568.1939115651526 1879.3505610598022
1546.9485740110406 990.5831277348607
1452.9815944290895 1156.8475973482978
1793.8956730004263 609.849973939859
1527.3528405947031 1027.9791166163805
2017.4901795327276 611.8499216149002
1171.0018915590415 1690.340303247696
1538.2012541088918 1029.6250081026217
1180.856915213962 1708.7984973076661
1615.7991735278406 855.9999813233969
1816.0700391816129 532.7673434743796
1164.2161972719762 1634.2958366751186
1764.5714872338724 590.5891745428924
1318.0220649754701 1364.127020190856
1660.0525123644445 785.0196602974872
1318.738511293359 1363.3762901470488
1452.9494063775178 1193.1529457158467
1993.9007457387881 2589.8169324269775
2564.913329294911 1548.235218153825
1681.0339525255868 785.124002965821
1536.5413264257636 1066.4991465509295
1494.5866015016202 1066.8585217611906
1393.4053508097502 1266.6843430772676
1293.9695502247423 1408.4333844849564
1819.9590842004266 637.9238584051101
1558.3132198865605 917.3153996403579
1197.032043953485 1541.583581994599
1689.0994009293709 777.2578725809
1117.082329115582 1701.3977444340442
1493.753760750636 1166.4897956801942
1171.4532777946977 1543.0189028105738
1607.960699421967 865.7235556435502
870.3304228042025 1932.1464000590681
1591.8006118921994 935.2373843620885
1517.1536778445923 1926.581161867436
1524.2818276472642 1036.3812699487887
1526.5216333981164 1142.4415125103014
1698.4698206529151 768.1331095781679
1350.7833676591763 1273.495585403542
1186.9434827407115 1600.121176398279
994.0683188675268 431.53100830420834
1525.3164778816454 1189.1021355413563
1130.8722876459904 1621.0568809799197
1012.5470374808752 1060.518959218584
1674.7531393056836 657.3124541163785
1725.5490107173187 771.9209242692057
1176.2376808732408 1652.4657748807451
1612.7951380063294 1061.6249873526353
2241.0215277533202 1342.9712842720048
1725.8883468658316 745.7547943538624
1132.5382826638463 1669.2915017388223
1511.6261122608814 1091.9299334895543
1467.8951166957493 1132.3485818732722
1245.018303199193 1530.4164356070658
514.9736274981474 1418.0451647545044
1782.3000114394501 670.0307665276886
1456.7979104015892 1183.9483743176381
1063.545153970546 1008.9245655869631
1231.6086189680284 441.3446743196086
532.8431658809438 1994.8008571014634
1762.0926752274918 402.83565316942696
1459.9651516455945 1093.4921062234482
1547.4306030862524 983.3832628101694
1854.9893822110253 625.2814757367349
1823.3070112260657 564.1893955733282
1462.557906502085 1223.4803392214808
1545.253384068526 1059.3799772543014
1437.9733570211843 1179.5962763079222
608.4563374120065 502.1269246725768
1426.8910458038883 1166.5895970896731
1281.1158151211423 1448.413400448446
566.7666118299272 306.86158539332433
1415.6122591423302 1163.8092279325774
1443.7876310632828 1179.8186975958076
1425.9585461071508 1914.21471873861
1770.411733946418 680.6769855032113