1009.1587366673892 1114.7956294994808
1581.3113093830184 1355.6684826766586
1806.135887510053 1255.2125766401095
501.9667740650246 272.45264062583186
2502.739232927101 1576.6233589813558
570.3965795571579 2366.7235324930334
-66.7208605808193 -60.281645419876014
569.8658729339799 879.2660512815892
595.230068615059 750.424258370704
1186.3640284004623 664.7961141052657
1716.8701918839631 1069.1854438927455
678.7384937085338 1832.8493036787565
-420.6033978357482 1322.1065796026774
94.60394414075643 1307.5198657847845
325.36019623398465 666.5062401325067
311.13954406497265 1536.6616965919914
975.419879067852 1418.0748006477904
-1072.9280638552682 1055.6380290120667
597.574254697858 1838.0814028596662
-386.61605038826957 681.7420867910855
626.2726965963959 -256.236903947889
2327.8211571331426 2341.71298329073
684.8126715315838 433.0910289299536
2010.6722129617997 1328.8333469233648
826.8916263024618 373.8943901980436
934.9634896232552 2128.101652498037
596.6458875477737 2570.4565899313448
2431.6187587761856 95.72327831091418
1483.9685709143303 970.2423445025904
937.6484162048001 1843.1847603684237
609.8914958303335 216.0027411699504
-501.9887909076761 198.52622037374806
668.5784310798359 1470.6363380400278
-183.32374845290025 -1277.6499394359305
882.131202980164 1179.0852241340235
685.9281491199449 2160.5836275619745
-555.3839995037141 1911.5666231144733
634.8145592108439 1829.360579997868
-150.7959997723725 2330.539542801652
2508.1144071877025 -452.9171274096379
1005.2886489145517 768.210209079549
1292.273705733283 -7.762117562364157
1975.2178267942465 -0.5040126591413713
2645.8139514781747 1668.6842053006023
2528.8882984124884 964.0702073384529
560.8707266396327 255.92283491564285
1638.8802380713212 -269.8773879065388
3199.3547883787905 171.039297840603
1492.732979867719 759.2468262564164
295.50755491633066 1736.4284939026868
186.32899010282833 1466.6839561200495
866.9493951103422 66.86626379503842
-328.02903828807547 2909.838159180911
-744.6286871550475 893.9126416753703
984.1288263336708 1707.854869808819
-273.57825446963034 1621.6107451055982
984.5420994837667 1210.692839757686
-243.52854758490545 890.5328833194948
1627.9764865112634 893.121615480704
2686.5946447377382 1395.4446209623961
1188.8588822511438 1276.7443308373201
1002.9753578463251 1553.292623669702
2808.1217050759683 1393.7168389460514
3167.6486332237664 -267.8049002397212
1147.8165977598358 2304.4775371315263
2452.6875606863364 1897.2367898122923
1153.6635220384837 -12.327813374907015
1705.8397513309467 80.7438962410533
2416.8873953610637 1323.1627373666008
143.95716064362674 -171.03164853994167
1397.8527452929575 -432.18981535405266
-23.440255195867103 329.78841591145124
2413.9474785816033 491.9809198762067
29.994467696248115 2207.182310279221
-256.7444297494309 657.6035791638349
3.409442885230262 1235.3297057586124
-363.45010016653697 1408.964731908153
2399.8795914618977 -804.7097776019294
966.834146211525 -581.3507182715626
634.8145592108439 1829.360579997868