1116.3493090323034 2054.4277078291416
1702.9675710404633 1371.334761126747
1324.9953867969336 743.6238441305712
855.4637562488589 1879.2556971437252
795.1934970412647 1667.7550614178847
1386.8576453312594 1226.1144673195333
969.4530125732794 1363.7949183410735
909.1962920412061 2050.9156383850027
836.0788572311405 1596.4388988822527
1855.0144714022053 1748.3308457889666
896.841508677903 1881.9970853526556
1398.597916432519 615.2392599628414
833.3428391096941 1601.2113238319985
1455.7753115984015 515.5049690558516
1325.764411025686 1482.6594643056978
1195.599028514218 2029.2548122796231
1438.99030909608 544.7829786186232
1714.7993861261646 1400.6714194285232
1306.0304500382017 1565.5270521753635
1459.9028890659674 508.30525296705395
1271.3617466915857 301.18005550751417
1038.543480750513 1243.2807040769023
775.5651896970187 1701.992635707574
1275.4811728801278 1693.8107206622453
1251.0283686990906 872.6442039963999
972.2110416767898 1358.9840997275037
725.9074415141112 1788.610437877326
901.7852779553162 1481.8274644167625
1470.2283498898971 876.0210831200525
1624.0072307721637 230.26704863643877
1293.1195589037009 355.12794918550475
1387.5352472069537 634.5358275582937
1489.6868557072144 456.35320470140203
1333.0281706183732 729.6122929552138
859.0589206407205 2050.0656100693996
986.54796673592 1887.940381253197
1363.7361156813201 1323.2072603559966
851.6614392100245 2049.9401932694236
1104.29094328071 1128.5976805610676
977.9929111625466 1348.898809000185
1317.9645659287382 1515.4128658833656
1262.254108325549 1906.2066601425497
1427.885654887171 564.1527804446727
1478.6565652745978 1920.5439092447334
1481.120917984697 821.2721199386583
1592.4170908105546 277.16128588426824
1585.9999114998075 1927.6556967724284
1465.4434767389346 782.4003379219728
1340.5476516283263 1420.5811268439643
1768.6531980447517 1534.2004567791037
1183.1776332717552 990.9959576173991
1808.772164690488 1633.6743251062635
1568.2606940726519 464.359992840911
1454.191753574998 754.5020014980444
1537.4355471855524 1924.4381760544143
1596.672479114215 1107.7790202358296
1246.4257820018213 1815.8212059481255
1390.7789032602852 628.877931890143
1596.020928792346 347.7881757903044
1005.1116433614409 2052.5417859520935
1485.5603823912993 832.2796491635519
1338.620977033929 467.94745711932626
1241.0974172150009 1838.196274868831
1297.5083468542903 1908.5423489642963
1244.4735163108257 1824.0192331356775
849.8966880523852 2049.910273702201
1249.965220695449 1800.958262460018
1868.842739962441 1782.61765526988
1744.3288310521511 1938.145416675359
1520.9004123960256 401.90752850345444
1438.7260304589213 1008.306802403695
1880.3638043044712 1811.1838156963884
1774.4300841982702 1548.524086239713
1193.831398124586 2036.6775119964611
1455.8256274472374 758.5531465802572
1220.8670552225663 1923.1483684250345
1455.0518948960835 756.6346981168772
842.6733033639084 1878.4082949851422
1252.8715817758496 1788.753762189453
1624.920350904001 226.43264038922604
1295.6660426990434 361.4418853342584
1309.7253013224238 770.2593902667845
1452.9874353261494 948.4197771009968
864.9617139257797 1546.0586529222746
1594.5945773982235 273.36310514954636
1864.6394701447753 1772.195763996406
1212.8421789686577 939.2522148047866
1353.811359638336 1364.8836675404746
981.8842567447733 1887.6313978302446
1699.4082913180405 1362.5096254851874
970.0789186355639 1362.703153018165
1628.7670062734162 1187.356512768184
721.324619219043 1796.6042356119958
1080.6787070172452 2053.8229489257437
1173.560029600237 2055.3976576107198
1364.5223571606768 1912.9822087174837
1547.6550771647783 550.8878708885491
1512.3459001373446 699.1594891299246
1191.829358886589 975.90478886419
1361.7059171209553 679.58981984416
1589.3381389885656 375.8507969554378
1243.5487834940805 1827.902405804166
1004.8741855844092 2052.5377600961583
1329.9647429350525 1465.0212732804923
1281.4048546880663 1668.9357742162374
1147.3337858884472 1898.5928774114602
1803.3201442302136 1942.0537510067848
1005.9979477468243 1889.2289951937112
1256.5961756685924 1773.113308056527
1277.8442693229508 317.25329110090405
1403.5661664045344 1155.9514200179838
1535.7292022387298 600.967451413907
835.1169087084777 1598.1168216613241
1833.5481930679457 1944.0564411433463
1510.0576111608784 420.8205812841118
1225.3930114981356 1904.1428033690445
1543.7432957407727 567.3143699115432
1842.9342171447634 1718.378189431326
1363.7751779538107 1912.932706070592
1614.4997135325782 238.64265956073544
1070.561632191614 1893.506514219559
1630.1775787265822 1190.8539881570985
1618.5601445287077 253.1406571430898
1012.3279452200301 2052.664131036058
1615.4043346351716 266.39265220978854
1524.7130902478748 647.2267213578995
1775.967256971074 1552.3354636200986
1179.2879982886136 2055.494769514276
1864.5846981126597 1772.0599582574703
1749.6654957577098 1487.120974054259
1304.2949702253893 382.8370725069459
850.4420485563239 1571.3852444122892
1459.0302540769947 1919.2436129515945
1543.9801098371406 361.6497089235419
1358.4904003631716 517.2131427847304
1486.473454364077 834.5435858694831
1289.3461449684858 1635.588410728058
1397.030571657894 612.7724316998865
1165.9295391144503 1899.8248964467466
1494.0298869905373 776.0727773353515
920.4556777146886 1449.2607643152837
1473.662798444786 861.5990181536426
1473.1292061923914 863.8396987189843
1249.2301868380584 1804.0448441555582
1020.4664752531266 1890.1875743425999
1877.4396772327104 1946.9643708905717
1373.7215206758474 554.9782843906213
1915.291696416435 1897.7865582737577
780.140951789607 2048.727635894457
1555.9142404229308 516.2056832902787
1636.2787498463667 1205.9816732236184
1287.025283100475 1645.3342607833374
1279.4242834136035 823.1133288928559
1330.8897153873493 1461.1370943254249
1624.0553973082274 1175.674208636303
1306.532252367012 1563.4198650474345
758.0543506207016 1872.8020600959933
842.8028689999678 1584.7102333166274
1288.8883822589423 1637.5106650378043
1411.2346718356143 593.1970204408003
739.3175991724074 1765.219156040843
939.9836506397751 1415.198202932695
1602.1217255930753 260.2335320798494
1602.0070779096025 1121.0060104231998
1830.3083200861172 1687.0726268375909
1262.7085444859229 1747.4460200557464
1274.9511938291378 1696.0362285369617
1207.999028681777 1977.1842672876269
1465.8253144636453 1919.6938041130134
1347.5717836043582 704.2439297379892
1217.6274281058945 1936.75233191346
1421.0039596925571 672.213784359189
1445.886846139258 978.2368370791888
1247.0057227966674 1813.3858968479103
1337.577650885466 465.3605587869006
1320.0655829079435 1506.5901967167251
1221.3314670734933 1921.1981927918298
1399.934614684313 619.9729260739631
1451.166925038845 747.0020227928476
1313.7242868837518 406.2168023980878
1286.9349569613935 339.7933997017791
1931.287253789001 1937.4471004295028
1320.6248049625071 1504.2418905264678
1849.7681958515593 1735.322850644395
1934.9107850736852 1946.431546042844
1827.5756164171198 1680.2969636619323
1470.7272094289729 1920.0185679358526
1561.9959633165327 1926.0653701680471
1296.547043032248 363.62630129679366
1378.4265503767306 1261.5186369347987
1584.6953897459325 395.34680341175516
1553.2383411837975 345.5006147625914
1711.7500518817212 1393.110679497314
1570.5375293342017 315.32571332747597
1280.6450540985386 324.19775949760304
1093.5505482628748 2054.0411779478704
977.4301454739535 2052.0724742118605
805.6014815111206 1649.6004576997454
822.7427537513117 1619.7010083254022
879.847781979778 1520.0929467642472
943.5092325240959 1885.088948500828
1358.5062232688774 1345.1688203951528
949.7447467620732 2051.6030963371036
1657.8195699971423 1932.413943738878
936.9320554453925 1420.5210876490055
1460.3012003216888 917.7075412852704
1382.8573239194857 1242.9127667743314
1934.7543663041072 1946.0437100293616
1217.760030312131 1903.2588069201597
1265.323612925097 847.7090693669421
1313.8237912584566 1532.8009619202269
899.987897745783 1484.9626271881336
1484.2525113231118 817.1302993284777
1442.385288180706 725.2281970550836
1520.3096053554832 665.7179999960018
957.3056273718323 1384.9835514700494
1209.7363269670027 1969.8889392793235
1423.16763275791 572.3824066838563
1145.89915758275 2054.9286955612074
1353.7604372745734 1365.0975026370515
895.0899748680894 2050.6764800747223
1390.5238851587908 596.6392824646808
1360.4738967244787 1336.9060923455602
1054.9172757115368 1214.7199621061216
1528.7585423347916 939.3882921188721
1421.302676326448 1081.4716034526452
1531.3033657900203 383.76170046986795
871.679702018729 1534.3404944292538
1326.9936669501585 439.11786331434797
810.9508521997003 1640.269572812872
1532.1541942795407 947.8077172107378
1307.4049245997032 1559.755307132791
1097.7417519615549 1140.021407548545
1395.3647402149854 1190.3911559559479
1260.2510980504846 1757.7654211406482
1925.4534778960967 1922.9824144333452
1117.4226809017432 1105.6920456294529
815.4177793789214 1632.477930443361
1932.848745545052 1950.6353717937684
911.7860648232294 1882.9872026886503
1042.5654250602252 2053.176776859696
1826.7793493366496 1678.3226414562941
1781.868867350288 1566.968343349131
1205.0616784374442 952.8237092936624
1276.6574657175524 827.9394774115842
1486.9020838214683 461.21067063801604
1194.3692178764777 2034.4190791569417
1383.448867842718 579.0969726857177
1488.491794158593 799.3285441159072
1210.2857294581336 1967.5818677675034
1124.38696251425 2054.563978097403
1301.232617679884 1585.6742894577822
1178.913984420493 2055.4884284882223
1537.6864394598608 592.748547590861
1527.499328468361 635.5266454984001
1228.1510903077046 1903.947242798812
1574.3707650586573 1052.4825369783703
1618.7274078751502 252.43827863593245
1305.3020406210014 1568.5858162736222
1234.0516252886732 1867.7832281387116
1302.7958099209623 1908.892657718523
1202.525119563431 2000.1705114148356
1202.7097805022388 1902.2616870925167
1303.9714823791812 1574.173146262248
1419.824282036797 578.2141993434589
890.3942307876644 2050.5968684931877
941.7361761645328 1884.9714787130188
1491.457250092778 786.8758905226658
1810.4570237793619 1942.5265886138573
1224.4367672386181 1908.1583000678913
1352.4682695559395 695.7030098010065
1299.3625610853405 1593.5271011293908
1265.7866079622731 846.9014690627963
849.7503462640963 2049.9077926255045
1626.499005132555 219.8034964437453
1527.9609924210645 633.5880089423039
1509.063672500395 712.9423423181775
784.1899446075514 2048.796282463848
1410.4314168457695 1127.1226033122496
1571.4558252353615 1926.6921116510907
1306.459436258092 1563.725637178437
1319.32938488269 1509.6816670295464
1398.0331834618996 1179.1857291600243
1305.0074497685005 1569.8228732116943
1190.964766380486 1901.4835480845486
1233.0155925201782 904.0638140408619
844.4965336559625 1581.755981150893
1497.151736983509 762.9633879546501
1288.0697280574332 342.6070332528544
1118.8381985744788 1103.222964081631
714.4205829526497 1808.646917154714
1660.3477696025186 1265.6601420917023
1597.150255846029 343.0458633415253
1655.821482305132 1254.4373379101546
1046.3979252886536 2053.2417530166567
860.6632585485219 1879.6001782588132
943.4721450630357 1409.113236721354
1739.868309231942 1462.8291210001523
974.0807428409806 1887.1143938909715
1804.8514177117265 1623.9529413988178
1879.124748443098 1808.1116109536147
1419.1744629721218 1090.4084766559963
1483.767907738513 819.1652648457485
1518.2791328855524 674.2444360179256
1307.9337876364186 391.8594196478281
1792.4576373615946 1593.222905764767
1297.642582487503 366.3426610794758
1257.775970099637 1768.1590711070996
1227.6472569599075 1894.6766914211355
1863.0096278007506 1946.008341018362
1612.1773070140837 279.9437074245997
1114.3644830496476 1896.4085717700668
1303.8232492697994 381.66745344277933
1259.7396552658788 1759.9130908315187
803.4522689602753 2049.122855650012
1258.0784164562663 1766.8890270419622
721.1957397116321 1796.8290395969761
941.3772266157815 1412.7673941945777
1146.2410981779067 1898.5204838900659
1511.6904419501468 417.9724413773129
968.3973016286164 1886.737850511714
1488.8659464720085 457.7851132420888
1368.411190541945 1303.5755109542508
1375.7522760310492 560.0134861342708
1595.4450855734754 271.879567301709
1377.6618271671366 564.748165368471
1587.4283723891901 1084.858513252505
1554.1838414073986 523.4720396269587
1340.495092344611 472.5942742043951
1523.3243786602238 653.0582510537511
1553.5881696508175 344.89041043278456
820.7284242208381 1876.954387283597
1207.8964859990685 1977.6148683603221
889.5448612881539 2050.582468294198
1310.4271707298303 1547.0641780223746
1806.9054825033884 1942.2912893816388
1735.1619860016822 1937.538088353756
1497.212637474122 762.7076523341952
947.7374492070638 1401.6732845676554
1001.0852062975 2052.4735217926504
861.8246930935675 2050.1125009381017
1318.4151887223104 1909.9274838838703
1838.5223495158223 1707.4390856534674
1219.7988182143447 1927.6341492675406
1537.8196206493014 1924.4636219620115
1326.0364045825145 741.8080011673648
1369.0179277609873 1301.0276773062235
1472.4484040705015 799.7688615226582
1357.4572052074207 1349.5738963167967
1060.6446693875025 2053.4832921231337
1493.6177085721072 777.80361238306
1192.4216959308528 2042.5971862313181
1730.5013215536464 1439.6039340914076
1813.6596780767181 1645.792779385563
1302.2964818903172 377.88187594737883
1516.9201241282112 1923.078973691573
1431.7447720898867 1917.4358758415929
1304.063893970521 1573.7850880477622
1735.8994749669819 1937.5869489958886
1585.9490703426084 390.08230090911854
1155.986470150547 1899.1661411877465
1489.3015182273587 795.9283204881626
1565.3525264810703 1030.1220638203422
1594.7926782753789 352.9458913500587
1373.2805717240049 1283.127823172201
1281.4636480831962 326.22744064473346
1197.7250520359107 2020.3271347034588
1484.051255104334 828.5378097897187
855.3274221516364 1562.863707711804
1101.6008298818147 1895.5629451653551
1414.1490744952398 588.1134400882511
1001.3350435652117 1888.920065157824
1599.3616153519633 333.7598397051318
1437.307620132453 712.6382595499348
801.9042279396008 1656.0495616190317
1474.0738689549755 859.8728354757009
683.2014028649538 1863.102402223783
1494.8468641127677 1921.6165604093933
1662.7951283290754 1932.7435879593415
1339.6500996406444 718.0616898968442
1234.5870556010582 1865.5348291230364
947.7038700182457 1401.7318566060683
1299.5160004429958 788.0674310303034
807.7061775680583 1645.9292451829033
1668.9097420619078 1286.8893160274808
1576.894469127527 1058.739991425296
1775.2955743836558 1550.670045219657
1228.108944875874 1892.737954237609
1638.5041658659454 1931.1342458812721
953.7091500136221 1391.256871862549
854.9402573326754 1563.5390376839225
1628.2931667064124 1930.4577395208712
772.6992196427718 2048.601468868439
1409.7074129759437 644.2043091759729
907.1830394738093 1882.6822397876335
761.8557683660501 1725.905921914868
1731.0746512405206 1441.025489194852
1359.4073948066166 519.4868051482072
1195.920224442026 2027.9060343131578
931.4098108433975 1430.1535157789872
1075.6890834146104 1893.8462217555998
1858.0451169442592 1945.679428723079
1339.6287045122576 718.0990093296783
1445.63265939148 979.3042275878731
1219.8623275203572 1927.3674586117793
1521.1578448637936 1923.3597341721525
1698.7959151292132 1360.9912556599622
1468.1154449756966 884.8936725484392
807.3981168272954 1876.0712183011167
730.1243142389997 1781.254964445183
1577.7272358275898 302.7847384043074
1871.1487146356678 1788.335255701513
1793.4706117177439 1595.7345476675148
1722.9150102358117 1420.7938849746686
920.7730775105758 2051.1119110490404
796.0794970464444 2048.9978577748507
1708.0026275480277 1383.8190444951592
1264.1269231766698 283.24151067788375
1537.4304520129392 593.8234996628122
1507.390928946502 719.9665896815692
1262.4807269318615 852.667903497846
1420.5519961253203 671.0931531930628
1216.3634225626113 1942.0601913184823
1927.354110712898 1950.271337348759
874.9487006364586 1528.6383938321676
1683.582044942649 1323.2688852647207
1596.6815478277715 345.0140796014436
1238.6665647159164 1904.643921469395
1461.1564718799546 914.1160529342008
809.9673558846645 2049.23331234548
1342.821687019269 1411.0319122844955
1579.8578882749273 1927.2487710923415
1257.4419254660188 861.4570637902826
739.4374581816371 1765.0100864730593
1854.6245645823994 1945.452807861327
728.483626571584 1870.842919507659
1517.57293391904 911.6538853846973
1067.3724286797212 1192.9944909506746
1379.703209720701 1913.987981331183
1560.4582700870133 497.1242237845291
1243.1837738052839 886.3274980134946
1211.5371853614026 1962.3267072807198
1364.6226672400467 674.5021448278974
1327.3175801609414 1476.137338318226
1634.280999423468 1201.0283062968792
1928.5647133506657 1930.6966367032117
1183.9422835908015 2055.5736782042463
1616.3969643265873 262.2243644429484
1556.2583816564268 514.7605525370368
1265.3035702610478 1736.548890656301
1244.1203138995684 884.6938950496233
1256.373463763689 1905.8170515070772
1536.7903330236759 596.5115112902545
1344.9650807767227 1911.6864861677943
870.0979258813738 1880.2252505322726
1626.323018726453 220.54250514963948
737.7481018804835 1767.9568235934892
1426.9550248530995 565.7760745152677
1853.9886595670598 1745.787373712062
1357.9033480048809 515.7575626970026
1503.2522569927503 737.3458559124476
989.7910076441415 1888.155241500189
1468.6618543391028 790.3802161788872
1787.9805670291494 1582.1221336867195
1341.7819189392596 475.7849251592482
1055.1398340337375 2053.38996321911
715.9338509554233 1806.0073301156228
1776.7956992688764 1554.389563387322
1321.9287633825827 1498.7662595052789
1883.261678868826 1818.3690155393638
1467.8744927740731 788.4279749525065
1615.8775561529797 236.23929444890285
779.0923323890529 1695.8402554828851
1173.6106822366633 2055.3985163748316
1693.5065951059373 1347.8765329358787
1875.0000175990047 1797.884454893155
921.012890281994 1448.2888207679528
1460.4278648825534 769.9642670284359
935.3962572794773 1884.5514419092588
1221.3301636491167 1921.203666180276
771.9878164005783 1708.232632965144
859.0360561118077 2050.065222424486
780.9105792333851 1692.6686951278316
1585.938441503171 390.12693392965673
1716.095474316731 1403.88503425433
1101.3374069449444 1895.545492682059
1556.0306868424348 1925.670154439084
974.0597533227578 1355.759399746555
1762.8500709638627 1519.811763664758
1545.8955296494296 558.2766286970549
1295.3652277576894 360.6960230060648
1680.8268828776938 1316.437537117361
1306.9264101828471 389.3616551102423
1348.7784734807842 1386.0179515376642
1105.8474388694628 2054.2496592646507
909.1439432502518 1882.8121549757727
1580.7834897286127 411.77380043623396
1168.6273353870342 2055.3140287798437
1664.0443417712197 1932.8263517345515
1371.1810343210059 548.6792187297341
1282.4514616301108 328.6766970167945
1863.7165506854856 1769.9074107199965
999.6847387578166 2052.4497782849526
1537.1764433423366 960.2602448740304
1550.0706754138764 540.7442002746309
1354.9114807939995 1360.2639975922032
704.0709181179901 1869.2255114278582
903.4356001406336 2050.81797169255
863.459544930006 1548.6788800099425
1365.270384145041 1316.7645027761232
1384.646996532825 1914.3155206023762
1371.622469509078 549.7737450708785
1692.5295380087334 1345.453946883411
1137.3337821481941 1070.9611951205968
1710.1265515759862 1389.0852553863733
1624.381076479477 228.6971817445285
720.2822133995908 1798.422499716871
1423.4660434817433 1072.3871110920143
888.475320854127 1505.043966841162
1086.1382122809841 1894.538504854277
849.8227283016059 1572.4655221386429
1718.7067915073476 1410.3597230137295
852.2097835806563 1879.0401126380154
1342.6925217205487 478.0427395731681
1787.437717276647 1941.00149718864
1418.4987729391837 666.0022430839479
1558.139264499553 506.86227887701574
1357.6179330688 1348.8989618632208
1334.133455239937 1447.5158604823494
1331.8618967263978 451.1885044159539
1166.3061859096642 1020.4247525870028
1356.6743742828264 1352.8611892465867
1344.1227155783656 710.2601246497077
1158.902042837734 2055.1491463016937
1187.6966045769173 983.1135348969904
1076.5469660955082 1176.9913837627987
984.8483166816866 2052.198241786036
1727.1530029368805 1431.3018706772957
1257.3928955640301 266.54467543867446
1581.8143160163092 295.6556615493833
1411.7869410794121 1121.4304351959706
1207.5858460556567 1978.9193192418686
1505.5649775507736 881.8804896439037
1448.0855630609942 528.9181652220352
1445.449127473197 533.5168887754265
1251.6021903093103 1905.500941713249
1525.8701552632779 642.3679306216836
1216.727640726812 1940.5307527660918
895.5519312910811 1492.700264895541
1433.5785038028332 703.3920187375809
1470.9109619262338 873.1546330982897
1752.8351650823633 1938.708984352256
1594.6399390400045 353.58727966619915
854.7565535502786 1563.8594714221356
1393.848081870658 604.881536282676
1235.4241975714835 899.8624943380315
1434.3097138620174 1026.8519644158366
1713.9854860495614 1398.6533766966054
1188.0083123960321 2055.6426136015352
1528.8018909877485 388.1250124903348
1523.6091052533145 926.6204052805826
792.072979651365 1673.1981668311632
1597.6175032332626 1110.1221814048147
1492.729203789153 451.046449684597
1537.1299731436811 595.085281781315
1320.977410769853 750.6323828857843
966.6043645869767 1368.7638030923508
843.8146312886518 2049.807158594211
1580.6320793639777 1068.0072926447426
1217.47968704081 1937.3727317257747
1270.8826305484456 1713.1210918028767
1825.773127467433 1675.8277421581583
1533.8128662659524 609.014601183415
1919.1334800782142 1949.7266982959118
1388.6838608793619 1218.445754611664
1539.0041712155112 587.2150790632173
1377.7743636182524 565.0271963868707
1617.0702754978931 1158.354792277801
1027.4669557128145 1262.6014403074246
1553.4833671204337 1000.6928114216006
1461.9417549434904 910.8184628907526
1924.5664806950156 1920.7831294027503
1048.178478440318 1892.0235696377404
1738.0051640490524 1458.2095040435715
755.7298371900367 1736.5913580074393
1511.3239725723865 896.1597585377239
1362.9726846404196 1326.4130885677969
1520.8693819879893 1923.340622725058
761.722518771756 2048.4153700305533
1410.6303228901195 1916.036986373791
1606.4717573089288 1132.076059525244
1598.8127719640247 336.0645634098932
1434.974166500833 706.8525258008837
1827.734074266972 1943.67124001978
928.7676738090087 1884.112280294596
1462.8627253780246 906.9510893585192
1464.7130660186276 780.5893047401322
1511.6844757173317 417.98284825222294
1141.8831728607904 1898.231759530273
1383.5464791340928 641.4934190012946
1803.964476358463 1942.09643975606
745.9808729933654 1872.0021594908283
1329.7568039452378 1465.8944584723004
1376.6268934847444 1269.0758235394799
1112.0827963403215 1115.0063839044562
1601.5496020445999 261.2314847891826
755.9087700602886 1736.2792461512986
1202.6851932259358 1999.4983240976685
1252.5079721128395 1790.28064550086
784.8561470160654 1874.5777517250253
1258.0685212199385 268.2198705683933
1358.0195453034626 1347.2124967300163
1407.7059004451537 639.2416142067561
1489.3062451737837 1921.249479392715
1229.485815192432 1904.0356719387814
1339.5066794600848 470.14353179130023
1265.1173693136761 848.0688192345164
1292.187015125177 1623.6589223964852
1309.0911835708887 394.7291508601124
1088.0745842823721 1156.8838076415377
1104.5700325195485 1895.759662884979
1023.5400856505642 2052.8542215130465
1320.4651649308896 1504.912256924576
1397.67327834287 1180.6970562116405
1488.3562734592938 839.2119837476064
1347.7345879058973 490.5444032437976
1024.2308086766911 1268.2462380283102
1618.5420942464539 231.5915518125629
1922.6367847007311 1915.9985015497468
718.0861624108007 1802.2530622587137
1453.9034295548613 753.7871100635799
1627.5404186526714 1184.315222683244
1577.8177575540376 1061.029259545727
1583.5574107806674 1075.2605709937757
1412.7894702822766 590.4849920223794
763.3474927635773 1873.152745104406
1357.37687799221 1349.9112093665706
1328.3869067949847 1471.6469818781702
1036.4460804876348 1246.9391905707241
1528.7669390278083 939.4091114870006
1581.9763085147822 1071.3402716501441
1498.3132447715923 441.30623038703277
1516.2563349679465 410.00817331007556
1525.2676182485945 930.7326423869916
1283.4537009449316 1660.3321823002548
1123.2271084605777 1896.995744716286
1323.3451330153339 746.5023748899198
1619.3987301216239 249.6192371224811
1445.9871787511227 1918.3794738718352
1904.4902781922253 1871.0047404949141
1401.5759510811738 1164.308806722699
1357.706833355713 1348.5256484497577
1312.5316580207757 403.2597121139221
1241.84903311901 1835.0400612222538
1255.6941794887337 1776.901004188082
1596.8197844252804 1108.1442596809577
1237.7138158739797 1852.4048203109153
1309.9902565680138 1548.8988843298825
1170.9218102541079 1900.155647936004
1295.7721762276217 361.7050404832958
1672.04174776957 1933.3562015504278
1370.7075322203143 663.8883403285646
1401.9363903256221 1162.795236751624
1588.218018814496 1086.8164197267545
1308.445960984086 1909.266995535196
1913.2808418099332 1892.8006998861645
1524.6574324606804 929.2197036002568
1033.4354225321326 1891.0468022384089
1148.635547183791 2054.9750882734384
1222.5066182094486 1916.2634541409996
1661.539075112618 1268.6139511590065
1736.5620579156684 1937.6308469114672
949.8299166447129 1398.0234023802202
994.907737502158 2052.3687890703695
1827.9781316818933 1681.2949891295698
1608.6898311888442 248.7768129988951
765.2314340845784 2048.474860133238
842.525566341922 1585.193931181607
1392.448886310216 601.4122695846485
1590.718810589504 370.05302907282726
962.0512551027537 1376.7057728955124
1479.6311819971284 473.8932742368865
1374.3061069899545 657.6113614300928
1519.1841759949084 404.901152469667
1781.718842795683 1566.5963616148458
1564.005852666126 482.22708218756475
914.8992906085022 1458.9527470723244
1646.1473816838845 1230.4506729524237
1007.9062643347402 1889.3554263381286
1420.3618196422563 1085.4224840690345
737.6966461325114 1768.0465776391607
1444.0742617542649 729.4159603229616
1441.6322928158563 996.1027166964026
1665.7961422671342 1279.1692314414618
1750.32405254186 1488.7538473884854
1086.038965451611 2053.913826674634
1313.3081313941436 405.18495637018646
1431.4621192872125 1038.8096901757326
1485.490036719621 811.933636347274
1896.6030840232131 1948.2339985125288
875.1227110862819 2050.337955355026
1474.9631187661664 482.03575737901457
1151.8788830998608 2055.030075746628
1352.0174595709757 501.16366509658
1577.1663116962598 426.96318986628086
1524.381938351324 648.617306801088
1610.3258842634555 287.71827116113974
1659.8164222951123 1264.342681137145
1390.511363316194 596.6082349022478
823.7239935010485 2049.466542193292
1508.4067479729995 715.7009243905853
1119.7697404452533 1896.7666847177422
1302.9345621388434 782.1044481824836
1393.4461714705633 1198.447681663749
865.582750367195 1544.9753816586524
1533.1553494727914 950.2900538259327
1153.056990751247 1043.5352682091193
1489.9855033011186 455.83227495420516
850.2008991605536 1571.8058802933049
1547.8617371032046 550.020056737221
1444.4922340675532 984.0931443086088
842.8349849334911 1878.4190068271932
790.6015978890193 2048.9049855467347
1261.4532873504158 1906.1536035831712
1288.8742679744093 344.60186772782833
1449.778913306925 961.8931228995647
1310.531176240917 398.2995728631348
1458.0329074805563 764.0260363815925
885.8229875437949 2050.5193676971494
1423.6810269586456 1071.4843444262642
1366.2395239813504 1312.6948544883667
1603.2883281981892 1928.801101220611
1694.883692927622 1351.291008901761
761.4583987887742 2048.4108921439397
1272.4160144133095 1706.6820488636445
1190.7841963784886 977.7278614495278
1615.6949347970642 1154.9446730444881
1651.4390287508757 1931.991215593624
1228.4533561009148 1891.2916897257612
1888.6569413517389 1831.7464196623278
1620.9607887173825 243.05978217962004
759.9156076252882 2048.3847356834513
818.3170947632793 2049.374873705329
1479.9429566884878 818.3513974806667
977.0074830879354 1350.6176870633785
888.3412882137785 1881.4339227160763
1391.5559248782176 1206.385275930094
971.5467712599961 1886.9465114080892
1322.0822273077977 748.7052560260416
1538.5869157768689 371.05703473410887
1532.9434097671226 1924.14055977927
1338.1277780815649 720.7170690162798
1908.0880016949418 1948.9949054259675
1111.9291847229538 1115.2743280052466
1242.6249514981655 1904.9061753187277
1274.1752756758733 308.15612281724935
1609.559165118923 290.93790690082676
988.8149460879367 1888.090574777511
1019.7483940114847 2052.789937224357
1428.8030863210224 1049.9756009684947
1294.6451591043353 1613.3365921598738
1215.365751761348 1946.2496479025467
1893.5075960725485 1843.7734839000263
1416.9388453252086 1099.7963659862753
957.3296706730663 1886.004589973835
683.4122109298889 1862.7346905990614
1709.4400433511973 1935.8339399611204
1627.803406082299 1184.9672927422132
1594.2561861520924 355.1987491618289
1575.8388981389874 1056.122732350526
1485.953312332018 809.9882320494478
920.4062266484473 1449.3470216030084
1344.481090469778 709.6350128276292
1321.575880868816 1500.2480969699304
1754.7700181072337 1499.7774960567656
1504.9035034823992 730.4118798261336
1323.108513409522 429.4847325524135
1312.016849493893 401.9832586083016
1747.42281670854 1481.560313372066
1924.385120140178 1920.3334509224699
1253.1839401368832 1787.4420952642877
1381.563462757419 1914.1112281351081
1641.3299982651856 1218.5061039882069
1201.0013620754328 1902.148499742885
1557.724218544352 508.60515539250065
934.8347333793323 1424.1794377444453
1098.137644929528 1895.3334997789768
1271.7353534907347 1906.8348183236008
1589.8211195344943 281.68942770817705
1420.685891682964 576.7112972464014
1791.0826403636538 1589.8136387332606
1013.1000474066301 1287.6615782917806
1524.077070306168 649.8975201113614
1047.0483277476098 1228.4457350814273
1596.133417589098 347.31580862310943
1317.5327825822908 415.6598621604778
1693.7492029122564 1348.4780722824437
1652.762292636749 1246.8521617278345
1123.1243536851061 1095.7466416742252
1398.9449060609859 1175.3571894846662
1890.8621874922387 1837.2142664826642
1842.7216351060686 1717.851098145237
1323.982123212995 431.65082390086076
1342.4908752225028 1911.5225633461177
1302.7260533767285 1579.4029983614612
1138.7105486226585 1068.5597071256145
1393.3006996462336 624.4791730163832
1243.2339464083755 1829.2244814827816
1575.616073035333 1055.5702436681381
1225.14526588482 1905.1831460247213
1545.620149124881 981.1961798551825
1881.6843027848251 1814.4579551606691
756.1826507550024 1872.6780549086338
1474.5577831160444 857.8407650115313
1875.899390417188 1800.1144249241136
1713.9854860495614 1398.6533766966054