-2.9444382696895057 1903.9911270747468
1328.9526196118527 1718.0164375337235
519.8736014937715 1028.9506467708622
2088.218901192734 2583.4780265423474
1918.1942671114396 1330.7327637586748
2297.2549144265427 179.2218997884544
1354.2273458184818 959.5230180831522
684.2146479778669 2178.486771399258
2540.4570201387887 22.251245123480675
1875.2528169374725 -63.6514029063213
1993.5204728321592 2537.4336293114416
881.7394233815681 1069.836994798728
1774.765143197395 1787.9837199122555
1449.2982912067905 1696.8171400391009
1279.2214908779988 2132.7349801975006
2275.712994127355 268.8087266091109
603.2519350567535 2033.8126334334609
346.0299222480265 304.72507500489786
1028.9905212076876 947.4040300399886
2119.46586754652 -31.012967895056132
978.4646518132848 1071.6766717020987
981.4110633946406 1304.5053421851385
502.3387640588611 474.56975439667775
2280.4555288866163 928.4875865330631
1248.1464376660679 706.1476881730624
1212.3338524009273 1419.1643673215358
1630.0057701423752 1706.7810438531685
1225.9292343356594 1013.8099565437154
1240.5194739011397 1789.3615079173596
1034.7065242169513 628.4535361284904
384.07127692313475 264.81639078639705
1640.10659594256 833.448265749045
592.5170758088699 1262.0303277346495
258.4536630185975 2406.9131993973942
1749.9829075296218 1165.3804837994974
769.1374597082944 2198.4949501887686
2499.356989788811 810.1078798789478
2763.570241132181 1721.1032210070716
958.398368114404 1179.3444260329843
1043.1937411444228 1230.0251440878376
2095.1081901880543 298.9382367841176
1346.3000458189485 1411.6795926268844
456.56195621691575 1435.5547796198834
1615.7862414945907 1787.941252417781
1452.2121758328576 2503.5485775947313
850.9897811360578 1912.2120781434928
377.26102128418404 1836.2962175050563
1294.0287307358094 956.6591427119488
1470.6050364725731 1335.751040429789
1533.0323510200174 531.8837256826622
1101.5086494462673 -100.22595855546803
1005.2342472665205 726.8387295195109
983.8813550728931 2202.75860634701
2262.2758975611796 1314.4053249320878
720.4202708145433 227.36599770999598
1545.009625226046 992.3020415717804
1658.6545688205924 1645.4844095531262
203.85440702639923 2298.4862329079065
2253.186940138979 2008.6360350375896
1429.6661605193492 864.1793637741824
-173.63020711751827 1121.0386343161506
1167.0544385007615 1381.8739275040875
-7.083660348733629 216.1711707887413
2692.866566330634 1466.2693222485386
650.3097830965079 706.7084643134582
2963.522442387681 1726.9813943106835
1500.9154149923838 1230.8888381645004
305.15890723634027 2025.0722545192893
781.2533438137004 2059.3054410174072
1455.2227556431424 2452.6545007889868
2414.5742734428736 1518.1084919051866
2120.020729488343 915.0892517123953
254.36098817207383 -10.107407142306009
350.3298186526561 2318.4733809039194
2025.94797800743 2600.4968994266824
1210.9001471458953 1804.237784314153
1349.3475068623593 707.6848085544491
457.3260869639318 -693.0565452706321
1021.4434502716988 252.8813789316253
1013.0873490783291 1842.753269480628
1562.050471090964 1541.7727209108189
361.1414409187297 758.4131353238162
1023.5378424977371 -188.62015851207337
368.46896507573 258.25487698328544
1439.5973803917586 -222.1538512575411
1729.9819023515986 642.1435375966998
2558.880334872909 1.1301801140863497
2201.4325635044606 2022.2227388517772
234.40506991338356 1112.2440893605014
2294.7120661695 864.5602158998579
1476.911271751156 1448.8511770149337
1052.2317164277347 973.6981765848159
1060.8967147053127 1409.370609093414
1636.3093205727873 1668.3744015713169
-271.03596091855553 1953.9827847414779
144.79603062126446 1282.501344625568
312.60589736796544 1438.4647205600938
2008.0564434350715 -23.48394275056796
262.39939666456 2486.3078096735667
1760.6987731414138 1736.022532186904
1470.7763311215565 1040.310762386229
1386.2748321900995 721.7493407797401
1610.5465130648395 1342.9228377888792
1276.9013977418801 2052.000412810883
2495.602765706673 391.06440305348474
860.900496904258 981.3452142439385
1335.2567880272225 1762.4025176311347
2016.2885464022695 1947.3535069043253
903.550947028745 1447.686015082948
1931.0891834398524 863.903284875599
1839.076851375755 2305.5626849186083
1002.4558043451954 1668.5578674235137
928.6262469197933 1087.0795128239536
1900.2241235964761 2258.2982837722525
677.1903922761776 1960.5459109327646
619.6427056546589 649.0465350278236
751.8960962208901 440.9458336627877
1377.1461832806724 2372.760343798409
671.373634829207 1897.7677002016578
865.7876936891006 1338.5699873912768
1228.9169893182927 109.72219702616376
1928.9274322784167 1361.741974941272
2270.6913437767075 2102.538368395711
434.08153984804517 -107.23658547960699
2044.1373429547505 1845.6319036571992
2275.3699235078975 2132.4132649566045
1973.6562792132333 -12.396921730068389
-148.24817476372425 1082.9113642294985
2258.751576943658 679.3900973851657
1295.3577782890043 1756.733827768645
930.0127686966189 1322.9559949433162
1763.8262328873516 844.789729326036
2835.085473449361 1084.2632885412004
1302.400761035453 2320.4772336373912
807.2368389766142 2169.832512740425
1469.1754998629656 1366.3049999340753
1797.4444223885068 804.3330796104319
967.0035432432279 689.7448781969409
2530.105128109282 1285.3181814359916
-166.64840874015673 1080.7405285037203
2373.1497496083316 421.6239699737892
2346.406250248668 305.3642262274814
258.6900200902929 2222.585922924994
1371.1653845974918 509.31222673291745
43.08403864314743 1845.3242032523956
1137.8001124829025 1667.1079394383528
-3.576991775589513 229.6050310632068
1783.2921848086287 2059.423020276062
1339.4309305767658 339.1244476525368
1315.6105470515167 693.2418705400984
1979.251300260262 1037.422256203158
789.9453756365477 721.2810281164715
389.83303540390887 133.49862709574714
279.55454241097834 1071.942751287102
-76.2836543873536 1982.2785975094598
2218.5981700368734 1595.0080337590912
413.28664420186914 1260.2457363336675
1559.7051454492432 2268.313111874501
2502.0714906121116 921.0975966955049
2096.0560827373206 1479.6771185135372
1612.9359005836336 1195.2437949706205
344.96709345411807 1408.4709008321033
1990.6256698709233 1881.8187679868236
2769.9027675964353 1053.2495487118183
331.3164817097961 -476.81548411778255
1586.774432542522 280.9961688866047
560.1063315575439 1124.2574922324293
816.5400881687149 288.6810080184001
433.41675901509274 2191.930537264577
2103.449849251363 1664.5688046179334
269.2068149630562 1331.584976800162
1240.5261198746462 2084.514539309381
1973.1480776860194 386.1699690518728
675.6439173767917 2972.2222363555657
566.9228523455309 2551.585479668744
1561.8924288437922 948.5241024347458
2077.684029120063 1092.92607081415
276.10420348629543 548.7012120809395
1106.423486511877 511.41659147939066
2354.5164831280076 1413.3096592122745
1667.5475932663692 852.4932522786717
1001.7721159745365 2289.851240834546
181.15801974768686 502.0256470355535
1176.9818181145397 513.7100969832511
2254.269865294602 2449.7448564806296
2293.310074761536 1209.2496414817285
1984.412467818022 412.04938448374685
908.7656209819379 623.7928468437245
1916.5709303497852 1012.8679024691686
1108.3389992704085 468.2793308674759
407.4840575187416 2201.8353990100777
2259.587281409185 2201.7413923033373
1899.7039233913615 513.1293034941082
1447.3706327133823 2379.3717535564656
1422.8990607417672 1831.1511967891593
402.7238084052632 2252.2201667956842
925.6037947914888 1719.566806176625
1612.9718466391641 1272.4327797318902
2202.132535811525 308.94687544164833
906.4692790950687 1746.7848880742874
798.4881384843828 1809.2886460544098
2041.3172017715424 1632.6821108820393
1812.0802671024874 2609.357206484266
2182.3959368970823 1235.3838975234212
535.8858110762781 1659.8598134148028
-182.60207570240772 256.73578837914374
1562.6744679689666 162.92631515598535
1440.7108954955468 -71.61284318579114
1622.672211371469 1217.8492893113694
1654.3764468266436 1977.6979040382414
807.9255106393742 1015.0443591785972
510.1927246310299 243.53716287504554
1974.8245106143088 2204.307048656436
1117.3650109555501 910.6909805444332
895.9825094951517 294.38001538006307
58.99291494915591 -234.47107231002016
1490.356498259398 -256.4499246290093
1626.716044336521 3003.4308004138065
1569.5618498448573 2018.101472732463
625.9337713354684 723.1556273095815
982.6518442997019 1286.288597701951
821.8707203840867 1515.7364944178412
-194.82707371572235 1514.2467433624456
2058.511972608582 2298.067384157717
2174.3627807978073 -148.0157135338468
1060.2883491910698 2035.0351149867572
3072.433305339788 719.8661759058366
732.5507749538629 1864.8439288197446
1043.9458088920458 717.9531865005699
2031.673712161148 634.9811445094545
939.2481895831385 1942.9798915235156
-60.749139171474624 2214.636213601013
1678.0001877653135 1725.4444581800724
183.1514611188415 1864.3329972382617
1754.1906942816502 2344.104292095655
2564.5173666282926 446.1570523557062
493.52942748537924 1810.9728079997287
263.42155161661753 1342.826852034031
1884.5020819728638 1853.4992294966137
392.88900173432137 1115.6865343830568
675.9229894829851 844.5375083785392
869.4378079209607 2147.464216268637
1294.8169012457413 800.8051596177204
2910.394747637969 1043.182180236065
2524.3143060185757 -307.8974899344647
1321.7790680252208 1544.4718500389956
2294.654761421189 45.65400485413796
121.01085855180837 2521.55755365549
413.91074899454225 173.6672542818326
1597.2159046231295 517.9612459354759
1440.904674536744 1119.5109951004158
1578.9997640366714 1244.5899267909622
1469.6915646585294 423.7866615486049
1572.594138215528 1810.4283003468108
30.473721930090818 917.0913840551929
938.2784532858462 1165.0114670527387
827.0652594874781 -226.67898574661626
69.4903876593289 1418.1894465424803
838.1218157896275 958.7519033797895
354.3584056480003 339.2508956534482
2100.7392797353677 129.24031707085234
1478.195635578478 1097.1077996957104
1595.1977415898893 1328.2335429079271
2413.9440961963687 607.2935559631197
1504.848556296216 1057.596495137743
1988.5241885954551 229.95878036238616
1115.8350575593324 1788.0045323175968
-78.11818088449664 1888.777788246026
816.6710305943144 1266.4995302180764
1031.2408259042663 2187.1591135741764
761.7920508401052 1977.7468877395256
2001.1702630901207 468.63539832161575
1601.4906901373522 -104.83551155120404
870.6168898922933 2294.598426465068
300.97548542826365 -307.673607724883
1023.7074362644898 206.10371544886732
1201.8087816423201 2113.2988906297505
2289.734773037936 1650.480318897847
1195.5366864299162 903.6795755764163
1379.6903327861828 441.9817854719259
1111.5660379542117 1069.5451264971691
1749.9878505380016 2168.2248751086736
-455.54698672737925 232.5746477997283
223.26946909101218 866.5884273332804
682.8826123580869 1265.9429031510924
-300.024937776989 1969.0300572362066
2202.2721263718113 1847.9160795553576
1455.399115034352 2088.57230843173
474.374553422601 1198.7596050990478
1971.0908655928433 982.3955638667607
1950.9793535865397 933.1270363034682
2247.469692205353 691.2554868087365
2580.561303051514 1997.6631772795422
1297.4029867548447 2495.707544181667
1417.9045893026232 977.5431310566082
842.4586380558599 1884.4663528272586
184.77956013132558 618.0665452399329
1310.3051591258904 2309.353875892793
453.73620183767025 1112.9242261711468
231.93455048012953 1549.4905237876203
1638.9863999849883 1952.143629054211
-283.9467530735861 1611.5387384383084
1680.6384022710956 499.90932245521526
1940.7414910216492 -56.715723334522345
326.71837587565113 1957.7434820452763
1088.5510019597439 1100.2376234880185
1354.244917320569 2144.030515546955
1472.213177415858 662.6806996890883
1983.21967785963 2003.534919754055
1328.3689189767 1612.035877429259
711.485977511915 2836.6846164899553
996.1589128964858 1980.099788545754
318.40160913210696 965.6999775913454
1552.521345110074 -101.5462127012019
734.4031064997816 907.1785836054811
346.7744548433688 109.03228419175609
870.7955461400195 2232.2654020151517
2009.3044348586213 2214.724674073148
-487.05309503990844 922.3594133814973
1241.253538865297 239.3341366728153
766.9433318308694 1695.9509854237497
1451.68177728505 80.56387683480979
792.1724506564974 1231.0613364075846
717.6527196959946 -2.6485704784352233
579.19612836514 1244.7542581373302
2673.7700004623844 2266.552100971565
1510.3761043952757 1455.6521558676563
1629.6560717123791 1092.046351357312
1323.785997484437 618.2925946807558
1014.122578238437 1950.1950271425426
1911.1528224858964 820.9762158493864
1895.0533556032149 2253.5630921736706
1958.1719621770892 1852.6397478734543
1536.7519863487462 1231.5637256605935
1369.984448917363 -120.0830453083233
1448.449061192336 1900.003194168379
1448.794950884735 2229.0594245363236
-366.22228767102126 468.12317283781664
1170.5340565352906 1984.9881471436277
547.9780146669867 1640.1319661082398
1792.3402283637215 1175.2495242194307
570.9411347249046 2105.2618334394683
1621.0117733920208 1361.193301383003
2664.9763874023606 1381.4531255107813
2035.3540475231753 1935.1436027262362
2030.3256862515918 176.27097816310106
425.8486733433935 1672.1579500919295
1170.3375625479764 395.0990528131154
1681.512816667269 1177.251051615548
742.8838181233394 1316.3323561403563
1487.0673549140977 1831.8364173939306
57.523070933944545 721.6398175153635
1950.7738995485984 2436.2800308134165
766.6206798708828 467.9565742647251
1993.438003159048 515.9210059016226
893.3009411314733 471.25355390997396
505.44553790288313 -47.49206036748714
1011.1793316363625 1147.9129364277687
436.1287119015153 -21.043836489451344
1199.2478397259868 1817.7749685798271
1058.8673440987236 1484.4555229325165
-66.65532798436192 -447.0114825552741
818.666957955684 1530.199540003363
-162.74794999123407 100.64920633083722
196.09367568507318 1637.9276677497442
-143.81393089856806 1966.362739455718
-216.63531710242003 936.3145632638708
1608.4038113680115 1137.0359776386533
784.5688669616918 2343.7728931963934
1544.0183323398458 2082.6017781506625
1601.0915064409303 1979.4449901763473
534.6200517854962 195.84372119892012
2108.6152030695616 2409.7764599643992
-26.59872166743448 -36.30157793253917
2266.5671879464394 433.5236555255094
774.8776348867898 953.0035086704734
523.5105400777446 161.5953935637425
295.82452626405643 -81.09312634797274
2240.069560873899 2152.011335941054
-78.96174338322065 140.59308880244666
1916.6075650399926 1062.9860560989148
1356.2467859376586 147.74485673700613
331.79549871831983 933.3607395833882
-125.71606218644487 1056.038713572246
-450.56522852997284 1681.8212013172486
234.37730281133437 -190.3947186321181
1338.2873218654554 87.6300143646425
773.4918692903366 1248.0432349796304
2266.6640771480047 1719.9885574924042
2137.539973298704 1144.8175908457292
1981.8343911327513 1441.4553424360506
1635.3314919780498 2029.782029674198
1516.4551084590414 2248.414554667992
115.00229113594287 2287.038189244842
2512.7383094739357 -442.09772573819447
1267.8272773050358 983.0574064765558
2209.050294430798 1826.770699976138
1827.1040927401455 1862.644414425131
675.4549855116048 858.6452119549486
182.4418357218842 1531.5265408674118
1103.4408545622118 1144.0218933774165
2532.955802506222 421.47089371988994
322.1370627294535 1522.8255654890788
2130.721596959977 557.5885625300625
1688.4507099417826 982.8004195862884
-252.59466669051508 2561.2489604842212
1367.4099322681038 1224.3731539758808
367.51690645306064 2481.5317162578845
515.4124251061422 2829.0812616490093
657.4404562945238 1099.9070802789033
1679.475133067198 301.47880747959005
1778.9831058564064 1294.437634251508
117.07470334874097 1888.936559420199
1028.9127319986965 842.6418374150954
1275.9315896926498 2320.0290235902703
1806.5930618812138 781.0690576856961
423.248691097459 1933.0437778154073
1532.359411120286 1789.9731440896107
497.18262351366883 1269.3496821739275
355.2250280360817 179.3322863372598
330.27545512777857 598.4450053022028
1298.3354462375391 1709.6190051821097
2236.5200466551346 225.43651094144272
741.9923484200131 1065.1318743513712
-32.26914452940277 1855.2415138715553
234.79096542730795 794.9791938435397
227.67952039429076 368.51534870762305
1719.4694134074966 -4.436052344088622
1028.8442297557733 332.57564359457376
1570.8348120898997 1148.922640217159
1606.7088665865392 1475.6192563607794
835.0704495011804 1943.9115339848952
2515.4018400190585 1845.183501231264
1887.2492608898722 614.7429120579753
-184.35632504270941 513.4028572164344
1932.4287258040529 622.3302392924022
906.2523477800677 449.3800833065215
1211.6309426285563 743.6728957321807
272.2130370772071 1262.1078467529042
3253.2926129088455 2482.7356293783105
878.3115443887879 422.70399859843934
2554.4053136594616 1348.5497534845776
546.2291925172715 1879.7864333523473
643.1399700792209 1549.9232277703054
1689.6422241269754 683.3365607018168
2859.2122705968522 2205.9379518933974
823.2695839254109 1101.5752061648732
1576.0898369766703 581.0609411419238
1473.5953309669587 971.3061817918223
1909.6377198349605 1142.074311217839
1231.4924356319452 440.01405319805605
2197.018809947542 1382.9868491590253
1602.4733315826506 1557.7511623655219
2203.7966468794807 1863.4619881760088
-208.69941209068796 1300.1796697451005
1518.7911958570296 459.1394204507903
906.6412754980324 1854.9594031610802
861.2467977082739 1675.4026027781235
188.03219563992886 515.4043225392727
1990.042906849431 1585.5406876558552
2184.240589834566 349.7647162364552
289.1792520182057 1894.410105684517
1794.231618462904 98.25312322957289
1719.5491246571878 1791.7454365022936
1815.886077621734 160.00786039237343
2648.645255903328 1241.658082578221
2205.275958232103 879.0902473655623
2767.890513636863 1380.0997135080074
1821.3027122855913 1577.7405205246134
1560.9951718939935 1557.3499970120724
461.40466510633445 908.5776949130251
483.8856277707585 1662.0337564136537
1306.3987057850218 352.47440478344186
1683.599733259525 47.45125424834008
-43.79982028825395 1338.29181901562
2343.350945220696 1745.3687015281478
2467.583140531455 428.64726424816484
-58.95300459131076 1514.734587906749
807.1007496135023 1552.060756171035
1153.9483731824373 -313.68807295967133
1434.058641820122 2329.686804545673
1697.3535914075012 1079.052904608475
957.973067709628 814.3334437722293
654.7202677466835 1504.7679301664475
544.5064234291899 179.30745822969263
1030.6265740249512 2169.3555677578074
2011.7259370759057 806.6152681889423
419.1383424588811 1405.1721452276504
1833.684050999992 1054.9191010910076
2681.6126825691963 2080.585625812088
563.7595542508309 1890.673970887767
266.9693236175397 -87.25405977134312
2323.398256891086 207.77928914537276
2293.2530979831045 2197.5490243616987
1669.6832139103428 1888.1975453992302
1206.4070573932781 2372.8917246281603
2135.456898098148 871.778202289216
1312.0067746637371 833.9878846206523
1161.3412851792023 675.8018673671819
129.55628502444142 619.5540738060176
1989.8343716947268 277.5381810225062
1675.715647243529 -97.32088660586301
1500.9685651699954 662.907653843359
722.789029456153 398.7147060117324
55.700268552075 1771.8580577181024
2038.331400556824 392.8202011661129
308.5456602026782 1732.3026319497724
1940.009449334805 1282.6490048673152
897.1202195378866 -380.65071091330276
1857.9689326062307 99.85715217512488
1166.5351975084295 876.9043073323788
1019.3970434733877 2678.0944587883623
1550.4331121190494 1528.14731844316
797.0599565925488 1072.940941451981
617.0962947415579 741.7816747330538
2323.982823442728 1661.228112173881
101.30347028712244 2107.776172505733
129.78011784018148 1182.8763219149814
680.5067594680652 1414.570710889191
2369.289423201124 1551.8898927683006
1847.3174445075442 -10.52183439066537
-81.67914700880954 1844.759199455791
2201.042169060998 1192.133735473397
1185.6297431335354 62.614065261917794
2664.91499295255 1187.196442942827
147.0761416770351 781.5100341904132
288.1713602842895 517.0315193723495
896.7310755848779 325.24508847690043
1867.526249465065 2157.5677679680593
2499.000744204246 639.626936565927
-177.36671421417304 -7.779870730213703
1027.243542056878 2011.1643977157053
1635.5019417407066 1556.8983211114407
1792.6174906749202 -223.1399024186797
2255.4538798278027 876.6046828278592
1577.0065920972327 2173.9243504520223
1148.7408262701292 1163.0660219506926
980.6440471940309 1321.0455639881052
1318.3492028621577 2327.5737969025404
1192.9125182216212 410.22251896502337
867.6186820108347 757.198631040168
-32.8876422730353 374.8177371912997
927.5545816880515 201.48146875708173
2662.1095705060725 1613.9263685506119
1865.7444992623616 998.8990290950395
-88.37150538382468 1358.7591128943998
2682.5443339363683 1734.8260168072147
2074.898298863989 -99.5202769272884
-217.61072312873478 2143.2202242533713
548.472427609505 1663.3001073829817
1310.2037992161543 1284.496189451514
740.822429065894 2795.8838421299465
1467.532964078981 2800.377638389322
1962.9179693823176 822.6378766081241
865.360733445377 351.7813412715933
1510.4818558953773 -101.48759662846717
583.4243672289209 342.6996054313887
955.7864080893687 176.09684928037228
1323.0134739914954 539.9741405594934
1254.506134463698 1846.7072423480301
539.8344231525969 648.0360951525525
189.32988133626688 1261.4765406852828
1282.5482795689047 28.22504760583111
87.40094244457333 728.3234957399337
1313.6467857076348 2493.1127760142717
2437.2951886542 1541.1349149729278
1556.1204708529308 1169.5103482787747
120.82140923660134 1007.0032737303036
497.6571647676083 666.4458822205169
1127.6730933605518 1568.9227556075782
2080.3434662805794 469.46441608061866
-20.918155664244235 1737.5103387380816
784.538074013532 800.2258757208103
1914.0824187011162 1164.923445740253
2255.7928145772503 673.5884581466876
503.33603014714413 621.1820762778933
-165.41662846261562 1089.1208790868661
2067.976687748817 330.1103946725976
743.4893612570846 1065.7255106752282
620.8403872490298 2251.9028676874727
149.66452051568558 462.4630985933936
70.62833869734717 432.1044435365556
2332.670915086285 1743.927249126373
2262.458742646366 1060.6579965312224
-393.05394313826247 1671.0343588862204
1824.2684710934307 57.91244430384857
1203.582361310702 495.32953617839877
758.0802120889524 1693.138270705247
953.6997457170129 1714.2068185440803
1938.5406407546734 1316.432987476702
99.7503608578988 492.2027818030622
969.2266475146471 1209.6417662851413
1611.4317122146774 2422.775410608118
728.7926313381638 1660.4768021868902
978.5965061980937 711.0977262401925
1126.9903673609952 892.6177659632077
595.7865416121722 394.6063709575678
290.76171311216024 1804.1825723785134
380.694197033559 1835.1347050766115
1750.770534987772 1324.1310672762424
1730.071083320145 867.8387958398548
454.9339236375794 -387.90079340175373
1923.4914363309604 1161.5761316149485
218.0223479129705 1851.1186361256066
1254.2625862168834 214.9620516043491
1907.0781101401997 2049.243068770918
1419.956653004635 1318.5391666627895
83.20510368517405 1113.5001038014352
-216.7035078370572 2137.508559313757
905.1753520972316 865.7766834040414
405.2785021579948 928.9193585009414
906.3296247343463 1036.9221534115218
1823.146707163117 547.5253824722691
613.6300115430628 1205.712819521767
1861.8783640893798 1838.2369410419726
2020.8743685288712 984.8583834262463
471.60821177301557 183.02975029659788
724.5136460089926 2315.4961106527676
1709.0977187639917 1369.16448800001
2473.808868058432 280.53855431762656
274.2265038407406 838.1603304126539
1261.0123103938529 95.93338553839149
1324.562138528991 1288.6757137354468
543.2011573903401 175.16938549406282
1527.0635504734234 1718.45699101771
410.7259327488906 317.55812265529966
853.2576923811114 386.90269697163825
1794.7521177116603 959.0062783703086
444.12374992038116 404.0596793424048
1164.605294295967 2087.6247687125506
2278.6294828927803 910.363175671763
2550.934865974075 1705.1236671082158
234.53814051434813 389.43778554675896
1799.33544118295 486.8205868102823
2292.252159785666 1356.9515095717634
1496.8544485051918 9.76762355717218
1921.5345883234681 2959.2238488282755
1688.3099135412303 1082.8472023561235
1333.8084686822965 -300.3789076633787
1284.649119132181 2296.3291503084547
1672.3019825828721 2327.435164702142
2060.669390031956 1745.0674817281044
54.40919549606001 1124.3307324412597
1291.2643285057652 1227.7524364192175
916.6232140359284 -78.8933490598764
761.7746696148434 2404.180308313616
1039.2733356220726 295.70186133538283
1053.062840651156 975.2008950256783
1127.1514808236057 1914.31400579973
2046.1879693621838 375.5072339785922
-742.8140835294224 99.64949758233601
1107.4289234725338 1148.400550144064
610.1379861808784 2563.1140980990403
-530.4998075439503 1351.4889478003747
78.260875600106 1125.1486001468456
2291.9691569656725 868.3218802202764
34.144554496242364 582.8611289806311
1203.9103023596142 2677.5706472968945
1635.360312470398 39.637320877496336
1461.093028189524 2504.4359584552717
2452.3072776503195 2498.60418432235
2828.1798749825807 574.6078245063509
2358.313321011346 1337.6476253028327
636.6373014499046 131.4698432626045
473.50383204185005 2279.34419597227
1264.2173145647469 815.9807352484733
581.5705045853306 2235.997287836996
1039.2025956215098 1880.0890520421688
2315.232181666107 696.4542989085446
534.6644822907775 2221.9175301280093
1660.653817555264 1882.7717080161221
1201.311773844523 1402.1899217296864
1309.040609172826 402.0573117476005
1425.0841265438132 1840.892221978413
1379.319351957685 697.6752431939321
2080.476680166278 1183.4558624199701
2361.3502592391487 1151.0394783391484
1279.076887341953 -250.05712552192813
2524.7223876331955 952.8705284961617
1555.7298068423997 1911.0069649642103
1651.1648099410224 1544.9417513713818
806.3048429079122 341.0290570479284
2158.5364036334936 -202.13144676970592
-24.220588506795178 1651.5764040490988
-25.41591777378669 642.0878461704294
1420.1642337008388 1531.302316359114
781.6184607819113 683.6436418189
1278.3276770063787 2116.10747059982
123.75991654400481 957.0874068628706
2235.655049036082 811.7432538717003
1594.7540245280013 2717.8380626647972
2330.1779125631265 112.12957392295255
-67.41117031549325 2674.3386621237446
1218.3966957780283 1134.2756458405968
-103.76180143974238 1295.1929813935112
1662.067571644325 2310.1012714360163
1948.769173485868 1864.172458848178
1577.884481192412 1858.4932599161568
2373.122850136336 1289.0449719522014
375.0506560139135 302.6597438289991
1156.36218415282 1445.9733777211986
1187.2511766834411 702.7882494051382
1356.1645515140726 1103.065592978534
925.9095315802523 -94.02983704447588
447.4403126407373 609.4871110946666
1712.9434083940955 2294.553995631074
656.8956199407774 -48.20693307878732
978.0391806897444 1750.4096518916988
-329.63235975394764 946.5902906814952
2375.764155765954 51.623302334103855
1075.5994124653016 2682.5717535616413
2260.5228096330056 502.35460757229333
718.9623846449151 332.15423359091204
895.9018804473025 2063.365475051413
1780.5244289122468 1241.4103863659734
1592.6821080670122 -80.05471176929707
693.9019351153561 666.759684697616
2083.1704055491286 831.9500253489039
209.68506857083315 49.97612391414355
1423.9855979396696 1522.7242784163234
1925.8451547632224 2296.898057543334
1302.757484962624 2400.0082917190252
1729.5207492104632 743.5956138841027
1065.536354048359 1630.947355461885
975.4296424896395 811.9342869278697
1276.861949280482 2340.400481975736
1232.4009805202045 404.17584445437353
1559.2021970044186 2160.567662160251
1588.1502012889584 715.7158893284412
2272.873486161999 619.4369723587755
990.9430497588629 2425.1856599121174
469.5118051812334 994.3207978380548
-126.48570995433988 1503.62357867422
2175.050812829149 312.10289721026675
1505.1029979146176 -5.893868782565668
1652.765164555302 262.3362603085335
1026.1112850047562 1879.590039330474
2414.0143287848837 1839.6445545412448
1678.2342113589327 466.77194191038484
1656.2466821048588 1546.0904124472527
1109.0094569009545 658.47548463606
-33.35936555876268 1897.393542139367
888.0655701063306 1571.9978281593856
1741.5549012719353 2047.7575603580924
264.75240072193884 -63.93235077888488
1245.359181857643 2017.625878025018
1707.4351847159687 1044.8533935612184
2456.531592896643 1884.2144310224928
250.410784630815 776.2603686602822
1674.862977410987 534.7377219444089
1069.1165046048923 -378.8118716676139
769.5863069067617 130.37305453001647
1076.3712822922912 453.9395968323804
1223.0579999148988 864.8983785999109
1084.38564120849 1773.0696349000518
2414.2745343306706 -20.68901728551832
2161.7951000458743 646.4269749690916
1389.353606248491 985.1294034728188
1878.30046367945 1561.775319752691
1262.765517442469 554.9350375532729
564.2642310494599 593.8490619762697
819.4745896596899 851.6141147832044
853.0579716470908 538.8899299085622
530.1026376770079 1727.3079248761237
-386.37844787559857 889.6003952905577
1638.6675301633559 2124.6602806637857
521.4193799184221 2300.125039038599
-166.51492401562314 675.9828706640491
475.7311843424314 2157.7178536773836
200.0276726473581 367.36265192024285
1783.7232721565797 444.6546471421819
1984.3792571367655 1865.9034142447274
192.078148147704 1418.619687101055
89.46630465256924 2425.691293208028
1951.6806750523058 2079.414820021166
2040.8369636039397 2231.9353869870665
485.68945055525467 462.4442370044408
-78.24709553950467 1591.1890373783979
1501.9704547800009 1133.879498267851
651.5453908326465 1013.4913287039126
1879.0147488856296 783.9854806732918
2247.7205129099757 2278.7307044629183
-43.773925486771 1438.4779789714682
1803.9887998976399 135.2933894475441
165.99600958167224 2126.0402245757896
289.13219217178124 1402.7039880495963
1884.307838073587 1525.1763366096015
424.5018416520128 2085.510084924152
-280.731605671762 1322.7950046434964
1745.0320160562674 2707.3845841244424
2991.391861296647 878.4159118719908
1344.479908292667 2157.899562487663
1645.5708337092701 600.8810259564628
823.1023259508443 2378.5684359598563
1681.2188250396878 218.6803280424751
682.6870033594028 875.2348162685631
1621.3349527135458 1888.0552831848418
588.0199493901601 -203.30983373069435
736.8892830912748 579.5126842777984
488.1515485973489 487.2161731913092
666.8367818325344 911.7333414147591
1500.9228574858873 463.26871405778724
2368.308796962947 1623.9706182367306
2170.753939784552 1022.2271057229518
684.4106167487059 1292.061152764183
1413.123973465469 1767.6341470886189
1633.5025604261061 1643.764220653256
-82.96507802742529 603.9682281427838
223.8278045367257 2025.0054420167296
1389.4603550167842 284.1425812725056
1617.971023241114 949.5044171028429
183.07909618843055 708.5673971183122
1406.5032732908878 936.3844708940885
1251.4763512704785 1558.2805912444505
934.6989713315613 1730.442033278674
810.5320440730757 1187.0095028817032
1117.651169690407 523.5987759461078
1387.0801851247415 333.4776749062006
534.5972067966904 1452.597961163921
583.162628504857 1233.4268056675978
418.9050634088141 -343.77745475514456
2312.209473304999 2277.7056071382076
1328.245651999353 200.1313969451369
1501.9229996862423 1566.716416231828
1041.5364970376215 1035.4136962035298
1899.270159226442 2093.1443880975557
1904.6530615602094 2366.9188347304125
811.1647238591523 1112.7996036083287
569.7294674080637 1520.1893813766096
-7.291959905117365 1398.2226144841172
2567.734006534985 804.8673998009433
741.1352502093513 675.4358321891538
912.5746082092818 845.0154309516928
1269.5010846907599 1730.7671840455432
1844.5915642188795 1273.9873152940338
493.52942748537924 1810.9728079997287