1137.0317583126011 840.5534814202588
1196.9423230012633 563.6197946842941
1084.3486062726363 658.2860263157156
911.4467111916932 416.6799283354365
932.6852275488338 930.8322982822029
1138.2436678850208 607.1513752011887
1296.6190534705136 806.9666803365685
1231.0366789697698 851.3642646085891
1327.2277969231075 461.68004021486223
1185.1042639661277 822.640490907345
758.1852318676732 618.0998381525671
1254.80533531211 559.4789949658748
1228.8616743849145 566.580197902807
977.6168386333688 951.900610941343
773.4105158062779 617.1485197599743
683.887040379667 495.2013091375158
1256.0786483965328 810.5714958656664
820.4256081344367 579.1230973359562
1081.5096791948272 424.48969097183266
1146.1402429351817 705.6291343953691
955.5326105309337 660.372423923464
1332.2905165158481 449.42605554452757
1039.5351357064574 944.4428254249488
1087.9719881258222 883.5921916645215
698.4107038140031 448.6185482089705
1414.757491150742 570.1285746424079
772.9630213103093 585.383186011151
1214.9884373087395 498.4958514730339
1425.3537775692841 625.021931092569
786.6935360562372 367.3869983769204
928.2162920404571 640.6254000070383
1035.6080330732884 304.5431350132594
1050.4277666562737 973.6565937958915
1035.156979244675 638.6197630722853
812.5920267891114 522.3012011041811
958.4749472250313 661.1599199414204
1200.9970105790144 705.2074489460174
961.8432844806886 264.2310567344758
1383.1733210708644 722.9371199097983
1189.676978256467 828.753852961528
1022.811064927566 481.9207663729411
1336.4580338390097 453.1029307835348
1187.443262405113 753.4910846934813
1045.623819558002 980.5306464678172
692.2822486939887 424.0535031113005
1031.6607924083787 503.2816299930463
1158.1856878389806 893.1562267951703
1066.8754790419362 468.999007054295
1129.0156829012153 750.7628791172621
978.508249897011 762.4360127896376
1009.6625795573079 409.1979541876097
1087.9967105058804 671.0730697553475
804.173652027382 363.2112257763198
1015.4269876767047 417.2359422225127
920.8342098935439 964.6654145595909
996.8328744349891 1024.9270825615388
884.9434967302528 323.1700984930947
1093.8862929399281 566.2493322080605
935.7240150724684 949.3439717169608
811.4058921336931 498.3553412083536
912.3500620695005 600.2990500411618
1126.31695235711 459.7843233702963
988.628595074838 1002.8006248304724
758.8613781933972 334.4574434357127
1155.8000043351706 506.8668773662043
1160.4093618939858 561.2795040054056
1065.5183627192732 705.6837567438149
1055.606715684277 918.6526757612945
1108.4408536346687 645.3345330415939
1043.2503891680055 473.18055168035494
1470.7476233147784 576.3595240414596
1058.400727466371 454.3572215514587
1124.1549911776701 990.0759275156255
1130.2539759041922 819.7960202810384
949.1875163107431 454.5431891918497
1039.913003946853 597.5540240170893
949.6512627530454 867.7662624467139
1154.2892050916446 692.8202894230503
763.9537418804624 263.6826080273546
1052.7686511255213 672.2874942053236
944.2897147000866 831.3854607600899
950.3233963051736 415.0133618279713
1198.390911210613 731.3412524272409
873.8049291280568 508.459387682495
1323.9834709246632 805.8640043310485
959.2763191229047 1007.6153816612447
848.2911828942792 452.44171443543314
861.6567390740333 498.8605630495024
1068.3341290528124 596.728080148899
735.7973448179079 564.7652494820651
980.0963440432713 380.8007762480202
1462.3862318449176 600.4107539903436
879.3140449602106 906.7410073493038
769.2829782161269 536.7260471663303
824.8875353946207 516.6701339656423
1007.6426938416627 999.8175558241234
1138.5935844027472 915.7500162701809
1299.2710926148789 726.7461633919163
1030.0017684862248 546.3601638106265
770.3952654675873 384.8602832716303
1064.085613634005 464.7917573676113
813.8964075041866 386.99569191757394
1175.0048922579729 485.3245866214323
1169.5215385800623 902.6318016772843
1119.7454022113434 749.7801310578305
979.1356965833576 1015.8868997733255
900.7453791392804 920.4736971778701
1314.5552273070673 801.2646134165394
1042.9306570274227 816.2699956476812
936.7874454625818 943.8669752309451
761.9605313375278 416.5079563048244
707.2952671783437 398.736458968382
905.2165484402983 754.1724270818604
1220.1155175590222 483.40186723315264
849.5485277931401 1003.1634037493516
929.2795693539056 782.5359424612863
1240.842468051357 856.6872673018299
809.8428848184574 905.5120386883196
863.5811128018688 286.6103373659793
1317.8623426261677 579.0856999786969
1185.084123082054 807.3844401987843
949.985711919012 445.32011408870966
1040.2689292414111 794.64217461471
891.9885365766158 802.3727833469545
894.039482287712 568.6388848485881
681.6460447640484 526.0315074795111
1151.923487927169 768.5597567365759
986.790119358218 691.8073788846566
747.2254551671723 529.7933430803101
1355.677853097122 524.7498934548421
916.0343142317189 831.7787364608336
1065.1430814308194 673.458943592929
1251.9325976945859 549.4736734306512
839.7886344422228 556.9355815104822
1312.488076230357 784.301333610487
1359.271760318579 729.1346416425108
1360.154746529121 459.5668251417666
1055.063015853408 991.5419557705515
1372.85799125362 671.2674478752581
1400.2093050889102 636.6541067424484
1255.2934620378267 610.7426136982896
745.7165659309602 517.4377743308756
1120.8489119550954 767.3872831652784
970.716215495546 474.0708489072243
1045.9066364528517 577.7263024189349
1407.7083280419145 516.593012426604
1002.410589148706 611.4167146111477
1248.827869949843 852.4765985155282
1047.8782243404535 458.0604540984584
1093.8917813424803 704.9679982565785
1340.5133536243482 820.4704384229967
882.1682193975005 615.0577996123479
1447.7818847405367 679.0975096068482
1200.1337884678949 912.2182684871615
788.4851750060665 561.380125781672
1412.58399881957 641.3822633804369
977.7543069417001 398.322620449878
868.9189486062462 792.3822958950817
902.8865611960938 253.45976661731112
706.9581328554627 490.3593419900073
1117.1417485118823 578.8601427040868
954.0155580494118 328.3541793241392
1187.705850524828 1000.7251125816721
973.9430439346431 1077.54436559742
1127.7354087765382 957.201582101172
803.0081456682595 340.2795583253214
1212.4504741536578 636.1931825472333
1156.6769366733001 550.5600341329556
820.747224660926 382.8530869213749
950.5987550075157 531.6650176505593
1100.062852887874 740.9222344615812
1050.5510806488292 749.7329871884664
1132.0537229422625 719.5761336413252
1252.2998318098707 866.8089489491705
1386.152684441071 646.4030354325446
979.1479516817544 277.48520994701784
943.9116412280572 730.5683869425592
961.4916275433509 474.0062600784386
1187.5572144134287 889.9980478431771
1072.357451621807 428.4302832458506
987.7350640837135 582.1709574033634
924.2045376837627 940.2691890614882
1081.078277698811 556.7548138153985
1424.478057958703 727.6057310037571
932.7847366371614 791.2664228352406
1089.6710852434514 372.1764576754802
846.2497712408876 263.3304196357
989.4508934716702 405.08593160065953
1022.7664788129739 286.6805605231005
1088.3804445308067 445.8315534419893
1336.1207825713905 424.2233428789648
1164.018316474714 609.2197021129896
971.9667798155396 833.0595610323102
949.8395700622764 321.8116250514577
1059.3387171950951 651.3461914106044
961.3166329649384 418.2139896986215
1063.6831669555136 543.8919348339161
1160.0309447555385 627.8764071307638
1207.8944968283702 826.2058574515181
996.8011988641275 1066.8443073149597
1061.7772100258376 1065.0128074110562
976.0408599621961 859.0809922627237
1000.1309721251777 672.3114636501333
954.1261117908664 240.0890450982146
1267.3740889938733 471.873964501553
1167.124970561933 872.288034158953
956.8911679335113 761.6331372020737
1188.8627169759895 943.272735374373
1270.3576925881052 762.8462346955579
1234.1895072262937 442.4416150804127
1012.6093694641901 839.3083236666196
1158.701799502641 998.0095620133815
853.2184796041998 257.2059806951556
1366.3731008143254 648.079804576584
1051.9834740883716 650.6792123942387
828.692385619889 775.5866506715558
1249.020163864122 648.0739942635457
938.4991259147359 994.6675874581267
1103.6789748231517 408.44834429344763
1164.346203742438 771.8458244535298
1048.235905576572 787.3885457198305
1238.8278935989365 632.1980961449165
902.0979715025421 1009.6753386313655
1073.674262528867 1092.0349588200327
884.1243022254854 352.3836355205945
756.5256010524807 398.8390115250706
1107.9455410234661 972.8762199325016
1106.105211943161 609.715466149961
1011.5013295067754 666.4085644349324
1193.2958192715694 557.546699758387
1224.7548926433235 663.2173673936578
954.854598357029 1060.8283461446786
847.8434344369543 507.017847165969
1249.2805852591475 778.9475084932511
1121.0055355724824 777.8865508469091
1062.201132708099 1032.8397214687766
929.221590830569 288.99052534929365
981.463117067575 787.3364737892806
969.3015548007734 470.02486573306
1120.1716975140107 592.1185416838568
721.0815763920442 302.1619982995663
1002.1097391875196 779.5323351150724
1059.7872083518935 679.1399063319071
836.435542859162 334.6791872357287
943.3189835147701 960.0983209314898
808.4170177532698 849.7527992607311
1400.8840984485025 658.4881450254983
797.1444000211075 628.3786973050629
912.3566229255313 1020.818487943133
1009.541893782394 907.4398869558981
1232.9849015240022 710.6995535921915
1053.4135723222516 903.6271777678846
1381.3624982804088 536.3044978295521
841.3198573435963 510.93110087447235
1100.8591170670131 1050.4445321742207
708.578877950624 378.9419410398445
948.6795531318819 400.6173120356325
702.3462228206361 536.3289719838574
994.947750917856 474.9683674787696
730.5912470423619 425.1093813267969
1018.0874401420372 648.0214446116827
1060.030783120186 943.7160403991917
889.2277826475635 1020.8068963377547
916.493646472284 594.6027002415606
896.8333576009178 460.8345680445289
944.8944756031113 589.0979028574895
875.0567662082461 227.3430335024741
1430.0345903974953 759.0647128057316
969.1075283188466 680.4037149216152
1078.0039564948108 917.349782084493
1226.5996427988282 757.7706857184621
1101.991167955814 460.0629351317356
1170.7687359128174 814.010891794695
944.0457632989695 944.9206063433927
752.7494454746453 397.6766717551811
1191.3236947546045 844.2287255714299
961.2521782077403 448.71532726163014
1049.9034893352832 819.418993213301
1166.3819261348037 954.4750930195986
1448.4093571046324 714.6052597449676
1029.4130519312723 1061.4673879011093
1065.606579034111 996.7755013861894
925.1750423396003 550.3379277837153
718.8085786219899 326.01234442502664
825.7546350547203 408.4029611206568
1177.8547938300637 804.8745905095894
1096.0895800195588 491.5201975749823
999.6920715758299 897.2456354820403
1402.6085682341525 681.8395974335345
706.4087628110306 466.49708957208145
815.1164186936362 549.3188866439962
794.0928429931971 440.9795772118902
1111.6204332236305 690.4240917498009
1020.7250894598283 609.4123209625933
943.6038053085904 551.0711366238061
965.1509082894581 704.0908369236033
1004.0934004357715 971.1112381507897
1020.2142758986583 680.2644316971881
1250.7870835604358 704.7081342494483
1031.8846963151243 948.2085625591039
1273.5366101835907 510.8135323822839
788.2079625287248 611.5012716391059
1003.5643922260368 951.0385418816877
911.7392357840303 1001.0597927376701
883.6364376067189 367.3155300596472
1003.6760870883157 1070.2041594328757
1212.3440582759868 800.9381912007472
946.3349583685192 920.9322518739104
1067.98735560597 1070.3763240955725
1210.6290566249106 499.30136207443246
1031.9596672232426 532.786759928818
1053.2432984738878 1018.2651576836876
1057.4091247609194 520.8326597903551
951.6389323357737 676.0800695682511
1279.8130257693283 418.95735848553636
966.5532943287095 730.3172001930647
774.999892235426 523.5833987136836
1210.0854624540716 836.2220473317612
1223.977844104771 791.9454027041119
756.7593030492994 433.9975597736699
1434.9683522661753 520.6686806274529
1107.2722515501519 858.9458435129407
1169.0002582049447 534.0821622910257
1208.3791415701464 864.207614731351
902.3731345942233 911.7607802378764
900.8736749199492 1019.709022818064
1115.3672056988762 703.3707921989538
1120.7894406702076 872.5829829647422
940.123501863843 545.0790222207635
732.3741683846944 296.5964911301648
1452.5364423706649 616.4915109655841
1072.62590285576 506.63392509146433
1269.931772138104 541.7102255194822
729.7512885629261 317.1122621971275
928.1835147795185 925.9000197536991
1035.9931348954071 836.0024638290811
1439.0339807483915 603.7138887680217
893.0768761575439 704.329276206089
772.5540700968501 603.7253356244833
977.2594610058385 596.8120473293399
1144.0311936823919 468.9682403969683
721.4489910343821 556.8628250403608
1108.678559248977 398.190918005648
1249.4893077205602 777.6005895279291
839.5259540923487 890.3423923941308
1027.3169863216758 529.7570464701058
963.2484362514152 253.65224948490842
851.9315760709483 443.4943259913967
1167.9024829762918 756.8143865679139
1435.5338436891013 570.6046631826441
883.8362416778294 295.67435492966115
889.9420962850237 490.02531698012433
1013.8786816471204 291.0136124658515
1152.7002524149952 453.444484401371
1122.7249622112809 817.6262271562324
1215.7912103151052 842.6460271064799
1108.9214762213262 470.5928594718975
1253.445477377797 739.4336986675623
1205.2635312969296 969.30146246497
1146.3563028297992 719.3971278209143
955.8193525651546 973.282166735782
1047.7123264058919 326.87257412398645
1076.0900632135604 523.3551696042562
1092.246135430071 1073.1912375994846
1433.2303606149233 773.8747981650984
731.5532636434306 462.688816786851
1190.0597783375258 418.6368588848984
1448.0111587289825 526.2479874366164
1243.0723681302486 721.2463596840571
1004.3843764852766 524.499128224893
1138.4955541957204 823.4845312263333
706.7157640741893 472.846966043985
1081.5292934540632 851.6217616928126
910.8963301245968 413.64600910862316
837.2885594034655 496.29213411946273
932.5901609759742 839.3841440886133
1283.210505860102 565.9249414774115
1274.0830555335092 711.418428361406
978.8558465981506 755.9434866913433
1314.6992344646537 685.0338997646147
844.9639652956695 289.14112147621705
1188.7075316101286 744.0111962784293
1280.434095320994 691.4263111417933
1051.8506993339254 886.9072319171128
1361.8736419355978 493.2145828517457
787.2918816615243 271.7194785499648
1077.6655664368313 665.831238779846
1077.3297892595454 388.50547293781665
1252.275907101392 801.6095492815069
682.5400944549948 431.1789785427451
674.8621259629845 434.44616200895524
936.4340510083322 483.98351510634944
830.3909139081575 436.3650429862324
1075.1195337174065 654.4768813038235
1201.2052269733388 629.8812592267246
1214.217684859831 889.1355584919403
1089.1187410467182 551.366940683622
743.3260007236702 472.06271679188796
1157.2448650399906 784.3577866076113
858.224782609858 356.8862086269741
1397.796980284449 704.9654764883777
1235.2913915773422 792.7851042593811
1259.6297908057963 821.8072109068104
1049.0936255477432 1084.0694709432266
1060.7536792003257 702.1201213626125
773.180965683337 326.5480900273411
1130.4379309665483 830.128385564574
826.9329578125252 342.77070349145185
1321.9840355193244 435.632616162879
960.6032790706917 959.3206468832883
1319.908269659514 768.9779069533868
885.643492577987 1012.9869088060279
1115.798987099935 817.3391014408261
938.7832647558654 480.25553322896417
932.1818668110698 969.0049088029278
944.6015639968635 802.9344837983714
852.9159793831235 599.522116476113
977.4427936646795 948.763876564115
920.6567145403951 427.692994475172
914.4574523922283 641.4660139827278
1158.860641823674 685.7695535615294
1252.5687784424777 861.4949619035868
998.6199468869272 1077.1844303477014
1064.014479758012 476.13296800358137
1087.8053029081984 499.9662428114471
1021.7518303969471 542.0349821765806
1245.4226720110153 829.7460348960317
1164.9551926424929 868.8960610763471
808.9344157525442 308.06315928955956
935.956556819417 955.023934229478
868.8548645557998 867.1653431078324
1164.0501022640613 671.5338775999511
1140.191594563744 461.94156454160657
1225.9299324186386 803.161967495902
1183.5685970852587 812.6749948055584
1212.6239020998617 915.3165532143079
1199.8119432256171 576.4633020695426
881.4390048642218 1035.356967220545
1156.316066631386 466.443719516354
1403.2459961034012 722.2448472432887
888.5594830208939 530.2722547679817
1016.8484353106451 569.1892157949742
1282.7461630411344 719.9034795673269
1476.466153887798 584.9372930339641
1163.4951985820903 687.758829822248
1279.5402412154535 856.2026663029877
771.4186386099831 472.85752725258146
922.5647887013207 948.6601431895332
1089.6268320450527 590.4433493516441
1357.9377224813677 531.086463774319
1084.9853274850198 1088.124425011379
1217.959162454281 838.7666094925872
955.5154460196742 543.0442399886348
932.4930137217881 810.3439216012654
1078.4098051307285 837.4514956898829
950.5683429769956 420.1807585643884
911.3893856965448 945.1977749440099
1045.868035276115 600.7722997237341
1373.057864750343 770.0180047543843
1469.9906243426003 659.5110056929028
1165.806068201555 587.8895529305424
944.3326050178698 681.1895363320912
862.0058412248607 377.28161399591903
748.7206048832978 302.26038736545615
1452.3005167882834 626.3866187605813
1037.4265572785926 1024.9107437954913
1294.4400313746971 793.2199386665335
924.7497241458854 246.5663529976256
837.0296335743449 352.5741462344348
1033.2127574737553 999.6203699113953
937.2358023187123 281.93745393146077
1040.7552962551472 484.4606273888981
1030.346866395332 675.8357513204037
889.1955387258358 757.6665768704015
1031.5917798429034 1002.5723776174488
1104.3652063488817 477.87870431338337
845.5353552090825 987.7397871462488
849.5624694861783 814.9886332832652
1010.0337543605428 524.3329664474252
1362.5065863462046 504.8920035091983
1076.7665937155891 1004.5844269345014
1085.0981456407433 560.4022760607946
1130.094774408101 629.0590308350397
915.6683433185124 739.8675251609383
1208.562208374072 655.4245458277676
874.463607516433 412.55261225330094
794.9050017021107 429.51883562208104
1359.3856904953152 584.1457311452496
1094.8467202583647 881.8334360226878
917.3676643546302 253.65031654601742
811.9563470657976 836.1455779763597
881.3809264024125 900.0096575994456
1017.8671834469152 755.1125382907114
1240.1019195778035 417.21201820733415
1042.200043512632 490.72944841322044
1164.3049465833776 981.2226211518401
1149.7411050979522 775.5096629797903
1123.937508349728 1057.6822469428341
1277.1640643602595 683.1392376350286
1146.623495116958 512.3035698793236
734.8151535754528 337.5431065187335
826.8133501354868 406.5689578180542
1443.7610956943024 710.5314511422739
1099.7559900270326 781.913507639813
1258.8577125947288 462.5298624065377
1369.1654991639023 622.6195447060518
1029.9759144315365 418.3237167867176
1043.7163753801167 852.2979530370715
1369.940969301486 750.7880493488777
1403.3068463318439 641.915966326859
1068.0417815340115 478.3016128445251
1425.0983549133628 662.6696989322214
735.2832324351189 571.8075914514095
1087.8110860494144 481.9872612145494
859.1855321243257 779.3131202540618
1111.331062099499 667.1480599935641
986.8745404150694 403.4665591723512
1062.90152702023 301.8444679984897
1151.7689423895426 726.829087611862
1018.1487988863582 1016.8328645686679
1200.0373739820366 793.425246061787
847.6393137862348 438.9658690184872
1145.0165139151616 744.6160406941125
1335.1457019139498 738.5043809387737
716.4189656188554 335.3250029407857
1131.4233960581512 683.6259094555362
1188.8974798199213 1018.7735941341865
1101.2297803244521 398.2267843441162
940.7358672162428 613.8285854788677
1151.8724255284837 943.4593265093623
1126.6865343661862 997.1335034625288
1339.879705100231 467.1700797577124
1167.8718199145176 456.222591339586
1273.8177555998896 635.7474809092997
1216.765850859709 476.758643027699
1060.558601598042 969.327609519757
924.1869066330377 418.75102991610606
1056.7200554178992 364.0797620004568
1046.1808317972298 732.7760499130591
873.8484068432859 252.55080826818067
839.819577511675 413.459021732368
1383.0457685812978 715.9842428291142
892.0739755456665 922.2602915801614
782.6236148563733 444.20284532989376
939.6040771024844 454.9957783727433
1092.0255010520332 419.2182528437209
760.8766388298657 441.4653387992631
1118.0961467787822 720.257402259609
1190.1484920572418 985.724295917254
1320.221726519124 681.4938451193316
1025.8720627141058 1068.0168374401655
1029.1057230894294 713.6360956778537
993.4277585265141 357.1833546973405
1131.9587796974076 882.340199120085
1152.7139625140987 929.5654948910951
1121.1367465902165 764.9113773137599
1283.8267258581097 722.8175746353461
928.8310332843732 920.2217931852507
1194.0766049912386 856.8688770749957
898.5996549213046 620.2584901863861
1194.1754455061568 619.4970272545822
1175.9278722649015 658.7948770701147
967.419657042508 787.8824425491409
1327.8274220651153 789.0558257342003
897.8343584912313 794.6307585695085
1073.803797718878 675.6234036103376
1065.9573023454232 1029.9010213134993
1133.298687190667 882.8392844134356
1181.3046828598485 612.445277993628
1079.3973676508958 831.7170072807664
977.2103681587613 827.7278864590581
907.8859925540199 924.4142757000777
967.2227723176641 901.6238903682869
840.179988707098 568.2584624354064
1195.7461522158842 599.9147329436324
1366.9447641360152 674.3924992048416
1142.4814200965639 1021.5042445627631
1209.6929886429639 837.5971029226318
1236.1168976849874 593.6780045632635
875.3426553907087 749.1954171835891
1139.9761976302568 716.0495465224844
719.1018372166635 551.0351947919067
1051.8546981795494 712.153883813219
1047.9277076680692 580.5160378099109
1378.92144601918 576.2496829591336
935.592717779409 981.9548909690208
1353.0631828165078 478.39070941679114
1293.0216376667806 427.71726763285295
1162.335817538859 488.9982378904197
1136.2624105922198 494.00211941007933
890.9432157913072 665.349173000941
968.1672736041517 1021.5965181305291
1170.8025517895962 725.7257456553451
1096.9986734800827 982.4438634051213
966.6115220557577 1056.285245693902
807.249588043583 490.5274883421776
965.1444836012208 681.002702198508
792.8747681424092 256.66810109986966
789.6289624392723 429.16980438832024
894.1659705992449 879.149201409323
1251.760251773149 588.0219124300909
1212.0480015774776 949.2272589775729
927.0756895770987 950.5754994149293
1342.1247509280063 759.5758416302209
1374.2655278707048 784.1161696861288
1257.879063352472 429.2117993168097
1229.7006766189427 909.3279971300502
1370.3714823877906 494.79730048225485
1100.1991835128958 942.3646429418307
709.5466152828973 525.76188203427
1127.3696297028102 509.1752462795703
1410.7928335202894 766.8355568949322
1147.4440260143185 858.5418776573955
1098.1234243535891 1010.4252908140298
1138.072840979041 816.2070053395704
1397.1120548367953 480.64027425857705
1112.6516115047643 993.5056202684033
821.4151705543395 816.4425171913806
912.0205890640483 814.5301027611921
1251.3052992839637 651.294621959351
1327.8015297348331 691.3925691211605
1148.8990260622415 692.5272975534801
984.5832030507563 540.4931968809614
920.7200396393325 902.919928867049
1142.4328260221137 792.0652850267354
929.0612209829753 489.0047059890991
1046.7661717650114 957.9832819431472
1067.71676807993 554.9398164030325
1168.4076991545082 663.339520985163
844.8804930295939 746.516149643283
1132.5932497429208 655.8724831238125
1052.2850498011583 462.1339439313272
1049.5380645750197 374.4264118511397
712.2697075849326 398.309466417703
847.2490539338801 605.7283508885575
1370.3127108595029 745.5457704990043
914.3342059746109 814.4986167777587
873.040809429336 983.2538251824715
907.9749753590994 648.7296570388918
1119.6936352716339 1043.1277086107461
892.6474109695164 1025.0534610896625
996.9011396613529 396.46556618358017
1133.2972290177584 823.1082643416665
1039.3814382539974 365.07355168310147
1362.1949255805941 612.5025174805877
1439.8915451812288 559.6955584110085
1070.1425468364002 711.273458747572
1281.4827210394842 676.0499374178662
1197.1760494482858 1021.133800295842
996.3724406671182 382.062181360784
985.0503919029894 1078.127654483996
1213.2955215010031 997.7393563437539
694.429713854533 449.88895257127933
1019.5610455652533 759.0106952249319
1371.8283730760975 760.8520518819751
1222.1705695542314 518.1251260168107
1414.5358894143346 652.0611599216713
896.4978380389964 966.8674242535091
943.5987444973165 342.7162478720436
1061.7989388881017 477.98184136329706
1089.489260612613 648.0041117317425
1085.6316806767236 790.2351425939355
1420.6187966326627 695.8927582058094
1020.3634478788003 275.0060025573363
861.3945460377225 391.15376875364916
1110.1420054843763 764.4885952901878
908.4601443768624 380.9990705051729
1164.9777440120376 811.3876768515015
976.1337309980016 555.9485526504299
1393.9660136525367 737.7772861267177
1167.8887573899547 490.020102706582
1254.4716497025681 795.1695896296936
966.573508321553 633.0067418782188
1307.8853764558264 629.7682780931628
1007.9934111371002 839.0161752796567
1158.5798199134883 771.3540162885337
1004.387648971504 834.6038329645652
1434.6976643531211 585.7541308799933
800.030425220733 494.14762663489756
1327.9841243775015 726.5043428259626
748.136098201865 298.04361020226435
1199.641072088417 745.7608532597809
974.2389334737308 623.3715882791503
1011.8031009808509 809.6319229986484
1284.2612333872369 513.2919515761029
976.483199369589 993.2798961410922
1419.337819198374 535.0388597239196
798.8812958174678 495.57575697955036
1089.0019410561736 850.3462560064166
1018.3615710512454 491.766023604429
1396.2698372337659 766.4473253222557
973.6569396902572 499.8368065561869
1023.4717803128343 891.789176339846
812.6236330993344 892.5972814710507
1246.9562223342655 805.005811479948
887.2025488783968 403.9936238716817
1192.860264329502 425.74847666859466
1240.489300631432 843.6845853500178
1092.263842600202 684.2774039563056
1044.312504980233 935.9537749704831
1006.3650445033561 525.7912869913968
1038.672472252897 791.1810721462545
981.3163217737311 245.69835769787377
1112.7131524629333 783.9714191311931
1409.7876046009294 640.595142275451
1106.353920652505 496.71112953053967
1296.762590918377 454.08113701442363
789.0938718960709 396.36884841155467
1446.3925890633302 537.658491054655
1061.1804835778803 301.060691185774
1028.3191816365068 688.4184392737058
838.0183050923048 588.0278903053902
841.3706234579863 236.83373107225395
874.9418277853271 913.1531949272951
908.9244308908933 1015.7766108100074
890.8185926282579 256.4501330043669
1330.4756670106374 463.0373371557889
1094.268827215035 731.3763516814878
1281.4754940133214 734.483727179397
860.8662848739476 374.3986396654693
749.6962032740528 389.20746434069895
1068.7307424250212 675.2172716762631
1230.3059034818918 444.8943098391722
1087.404101972077 1059.764712286802
1455.531190043353 629.2327324177838
985.1998449298392 588.9319945533613
899.1856465479403 592.5444226533375
818.6983349578612 850.0025622035209
856.986967659995 823.3787539109604
1140.7923901925963 563.4179524768989
1422.2436885989146 630.1378916873506
872.9774018026932 470.22775953702705
1197.8482581364658 453.89135906896934
1058.625038082297 765.5395366966821
1240.3693877140163 858.7411745363396
963.7608300088292 1035.5442425432075
826.9984960531726 462.34612304874656
1075.0734150898993 912.4793361140561
1132.2593744863982 692.4105213973246
1319.8193441905328 822.7515252443612
881.4936309017887 987.3892055518086
1053.6990574990043 977.9833121758355
729.3116386646705 317.3338940318163
1188.4443989723381 540.3498226655914
1059.047660164535 303.3849295118351
1145.513726119989 952.7982340236624
1173.222456066428 434.02108927593093
941.1996008654971 388.9867243735138
1112.236983597332 815.084476411649
1478.5552300531388 677.4199034899541
1030.9941004571008 945.3013350362253
1082.588431883208 850.269358825412
1164.1500457730579 518.1782770321034
1227.8836232627352 947.044969189815
1112.6905095767447 719.0513707609648
1092.4643356321508 424.29648104540166
730.2141424330017 398.87185770064826
1065.9769868647252 466.2298457552206
1068.9890063186522 839.5357468036008
1154.7652110779227 830.265733650206
1147.2254883094056 451.58877429583004
1302.8295300251223 418.8424586804922
979.6052690929357 1068.8089190923088
980.4872545238732 848.2263554083353
996.6756222180983 1089.5755549527796
1171.1750386744316 763.2190885601001
760.6852690283902 602.7742081191615
1086.1205939525357 677.5377675355076
966.7662028856573 819.6507190335102
1328.2542685510432 571.0476889869269
758.7946460714151 543.2422418408612
1156.3093246981991 481.7335017774747
975.470778234856 709.3596405352237
1276.1156574692675 477.2003184996404
900.2070149339556 474.7872193889305
947.1629779598583 792.3061396067254
1113.9371206335168 547.8836586970393
1040.167485157968 573.9042985395804
1369.692747300676 801.1334737854388
1042.8272432194508 1090.904701237759
1169.326148995583 959.6208216344853
760.237357191941 309.8791544143766
1204.3643078720518 497.6918729515698
1059.7756067987896 449.68812971681257
894.072766188727 319.8583776876088
1203.916279627161 745.834670439626
1158.8186975536844 1006.8949062317558
1366.871012057992 437.4806374935442
1243.5887859285847 832.8467368368878
1292.5343513715402 488.6051503729559
1319.6940887468666 505.7882246338174
1447.2183312026762 692.3872870742713
969.6501240366457 540.8007642833018
1192.9749311361677 780.2832583653435
886.0513409360356 455.23396409327484
1115.2704686572677 720.5617859274555
1202.782745879992 439.5785333043075
1312.576785412329 540.2023013806925
929.2296966753224 249.00894835722107
1176.1100987396528 478.26627784859073
1146.1263098588233 690.5247072460479
1034.7740418409842 281.46251497772533
1128.014854455687 758.2722283319982
1309.2024460791222 825.9726114851358
1415.5294789614875 534.1532386982709
1156.3997642449374 440.4337894423199
1155.8928629421625 1013.440968991534
796.4593013532309 568.4963294384727
1432.6264987788945 762.6950399832444
1174.173480804728 879.1935494233749
1424.9810931024547 619.845557267273
1144.3824778761168 866.9389112564991
928.2850578598155 976.0985563857831
1401.2068303163999 730.6774928873089
765.9451281294887 582.3160814939001
1350.0055392297686 473.6415158726521
1091.612990980838 640.8647172286798
1129.0274517749372 792.5002323521069
1360.5994208198017 699.1585158890232
1069.6456539464255 930.1560505530906
1269.3893993344284 490.6044690397345
1164.7401466588424 723.696600876661
1143.1006751423406 721.8656814708967
1439.7546610661022 671.3849080245363
1032.319013708581 274.71407773575146
1374.6273336438048 703.1591379608242
1338.04810673655 831.5510447540764
1316.285200738675 831.4006273189392
1144.7265314825752 730.3273652087381
1144.6137027926688 440.68830069402753
1167.7749916227533 711.6627002602055
915.2616103684903 655.0105642609611
1087.4334388409611 1020.3009726224295
907.3915543774343 1056.369500567994
1285.3575566767427 591.0837711709382
1203.3668298082418 548.1081136102696
1086.4549035641805 843.990462214223
915.6640857019473 455.6495850637542
1168.3933424764775 908.6994468699216
1377.871560670647 593.7124338629926
831.399149652089 330.35343146476737
1163.620359226414 700.5426926710657
1279.8155521924145 789.533655200682
986.0566947222424 787.9040189992712
982.7634381633169 1015.7690900489093
1046.3789787855071 425.4250965454248
1364.2577148045339 732.3668107395079
1100.7545970532067 975.0074017654083
933.7576015999928 983.416195849319
1053.9078027967644 896.9037257460583
667.9210614377953 460.4923229991952
1092.1341308490871 698.8675796407546
1100.1605267796808 843.6740766849447
1098.458679357913 651.5725316209556
832.8587665370269 505.67463727554735
1001.1520014717869 918.0130424000871
1222.5128839737522 613.6125985293783
913.5521685662151 514.8395639328459
810.0510690307626 244.0336273741285
1388.6921342947057 570.7807440247839
1219.6880793870073 900.6757991321911
971.8716500764632 513.9871156398004
1184.6611157104421 866.2055603434621
794.5014417316177 455.6442268043992
936.1403374520728 655.3780957240598
1021.9703465254241 654.759811456651
1197.531930449386 728.5552814326481
1043.8823263744825 638.6267720460203
1440.7416412188416 573.0973331569437
1443.6835846313863 630.9500740373877
1188.8318462906664 681.5469338835431
894.8736602941686 752.6742792937249
1142.4692878152048 902.3677562962876
789.142657718068 502.5369081491508
917.1290311217194 902.3013746951495
832.9359215355288 589.9016612441894
899.9673134870969 998.0863509021294
1091.0145111423135 370.8132268742906
955.2321419975518 901.8501788876829
1002.778005134726 631.8576401212166
735.2746037380149 442.4904179043381
1159.3363019131048 807.7167426803758
920.9871625217555 497.04664042318336
1037.1223291716478 800.5403299504021
1072.8096458919879 967.8521641390024
761.2495144541415 339.4922473593443
960.9467522441147 318.0720115494566
1132.645217538851 565.9268518357147
1143.5274349561582 724.580006784723
887.6428243967097 875.2791432270767
1423.279286184376 603.6617169650756
1006.6607516643595 357.18527614512067
1008.1039068593773 1075.1649347098341
971.4731480587361 865.2576793090726
1212.6031453503417 916.8282784497908
677.7243161194954 487.6474891049125
1225.9550456188692 580.0000688109355
749.6209477419526 461.68395930618954
813.1705545430616 294.863183661591
1159.3126522006937 550.325355123264
758.9285842681159 338.75274214400486
1174.555331409986 733.3890774735856
1136.9419751124733 742.5996306290705
849.8500158441931 248.838546505998
785.3728251944402 331.8872592335495
1074.8575073028487 954.733702398353
1073.7532349236042 469.3868674058368
1102.872081649616 878.5182793657808
962.8909018735673 530.260023438993
1056.3240137624275 1019.9770619716963
917.4034204954899 1045.221699307181
1133.7030762495403 918.2991931729651
1066.3400784249777 853.4632529804485
1162.4582584430766 720.2852461223049
863.6914008105305 384.29051835708844
1458.1226284144536 626.7772394521746
1120.715317056356 547.5654476206578
888.121557307181 1019.4385403497744
719.1463488697669 370.58621634691985
1338.319366992131 637.450859524683
1172.5948187180466 566.6795455747917
883.511606672508 986.8324544408098
944.6214109565844 687.3229451215484
1333.6456659892083 457.5567075594295
944.9267168934423 568.4156932332565
960.6016152202363 374.4580021691036
1162.6914572613168 779.5029059279559
1177.8547938300637 804.8745905095894